0 0.656870424747467 0.6294522881507874
1 0.6157874464988708 0.6736391186714172
2 0.5914566516876221 0.7050571441650391
3 0.5574862957000732 0.7425234913825989
4 0.5310152769088745 0.7753696441650391
5 0.5248129367828369 0.7810819745063782
6 0.515783965587616 0.789818525314331
7 0.5141587853431702 0.7941028475761414
8 0.5005689859390259 0.8047714829444885
9 0.5107056498527527 0.7942708134651184
10 0.5049664378166199 0.8015792965888977
11 0.5062904953956604 0.8013272881507874
12 0.5014631152153015 0.8032594323158264
13 0.5080358386039734 0.796875
14 0.4953211843967438 0.8114079236984253
15 0.501158595085144 0.8051075339317322
16 0.49565431475639343 0.8100638389587402
17 0.4938932955265045 0.8119959831237793
18 0.5015506148338318 0.8069556355476379
19 0.5070284605026245 0.8004032373428345
20 0.4887493848800659 0.8170362710952759
21 0.487987756729126 0.8192204236984253
22 0.4852157235145569 0.8191364407539368
23 0.48126691579818726 0.8235046863555908
24 0.4843282699584961 0.8234207034111023
25 0.48182228207588196 0.8225806355476379
26 0.48256850242614746 0.8251848220825195
27 0.4832223057746887 0.8227486610412598
28 0.47459423542022705 0.8308971524238586
29 0.47741320729255676 0.8282089829444885
30 0.4776744544506073 0.8298051357269287
31 0.4797869026660919 0.8289650678634644
32 0.47696009278297424 0.828881025314331
33 0.47865426540374756 0.8285450339317322
34 0.48386797308921814 0.8233367204666138
35 0.4773375391960144 0.8293010592460632
36 0.471871942281723 0.835349440574646
37 0.48464930057525635 0.819724440574646
38 0.7862120866775513 0.49865591526031494
39 0.6586523652076721 0.6012264490127563
40 0.4792497158050537 0.8276209831237793
41 0.4710078835487366 0.8341733813285828
42 0.47249266505241394 0.8340893983840942
43 0.4656626284122467 0.8413138389587402
44 0.46869510412216187 0.8376176357269287
45 0.47657614946365356 0.8301411271095276
46 0.46935322880744934 0.8349294066429138
47 0.4683123826980591 0.8371135592460632
48 0.4708966612815857 0.835349440574646
49 0.46848568320274353 0.839549720287323
50 0.4659913182258606 0.8423219323158264
51 0.4767404794692993 0.8306451439857483
52 0.46880218386650085 0.8377016186714172
53 0.4662441909313202 0.8403058052062988
54 0.470207542181015 0.835181474685669
55 0.4675309360027313 0.8369455933570862
56 0.4650849401950836 0.8394657373428345
57 0.4645847976207733 0.8430779576301575
58 0.46293455362319946 0.8444220423698425
59 0.4670756459236145 0.8410618305206299
60 0.46596643328666687 0.8410618305206299
61 0.4671325981616974 0.8380376100540161
62 0.463919073343277 0.8440020084381104
63 0.4601788818836212 0.8497143983840942
64 0.46158066391944885 0.8467742204666138
65 0.47171780467033386 0.8357694745063782
66 0.46588343381881714 0.8438339829444885
67 0.46465206146240234 0.8402217626571655
68 0.45665663480758667 0.8518984913825989
69 0.4574906826019287 0.850974440574646
70 0.4592200517654419 0.8489583134651184
71 0.46515536308288574 0.8412298560142517
72 0.4551692605018616 0.850974440574646
73 0.4669360816478729 0.8402217626571655
74 0.4660623073577881 0.8414818644523621
75 0.4695208668708801 0.8382056355476379
76 0.4590170383453369 0.8484542965888977
77 0.4607260823249817 0.8483703136444092
78 0.45905399322509766 0.8500503897666931
79 0.46276307106018066 0.844338059425354
80 0.4607837200164795 0.8450101017951965
81 0.45851099491119385 0.8466901779174805
82 0.4617691934108734 0.8436660170555115
83 0.4606972932815552 0.8449260592460632
84 0.4598160684108734 0.8444220423698425
85 0.45670124888420105 0.8503023982048035
86 0.45784705877304077 0.8491263389587402
87 0.45755550265312195 0.8483703136444092
88 0.4597538411617279 0.8468582034111023
89 0.45822903513908386 0.8475302457809448
90 0.45247673988342285 0.8555107712745667
91 0.4516716003417969 0.8545026779174805
92 0.45385316014289856 0.8524025678634644
93 0.44872164726257324 0.8573588728904724
94 0.4554780125617981 0.8518145084381104
95 0.45725661516189575 0.8514785170555115
96 0.45514702796936035 0.8507224321365356
97 0.45609569549560547 0.8501344323158264
98 0.4640185534954071 0.8424898982048035
99 0.45859766006469727 0.847950279712677
100 0.4519128203392029 0.8533266186714172
101 0.45992788672447205 0.847362220287323
102 0.4555603861808777 0.8518984913825989
103 0.45388245582580566 0.8520665168762207
104 0.45639050006866455 0.8485382795333862
105 0.4568736255168915 0.8513944745063782
106 0.4509531259536743 0.8567708134651184
107 0.4537219703197479 0.8528226017951965
108 0.46159833669662476 0.8438339829444885
109 0.4528846740722656 0.8519825339317322
110 0.44912412762641907 0.8571068644523621
111 0.4488467276096344 0.8572748899459839
112 0.45494911074638367 0.8525705933570862
113 0.4457534849643707 0.8631552457809448
114 0.4514126181602478 0.8569388389587402
115 0.4529280364513397 0.8534946441650391
116 0.4468611776828766 0.8602990508079529
117 0.452267587184906 0.855174720287323
118 0.45156532526016235 0.8560147881507874
119 0.4571669399738312 0.8498823642730713
120 0.45515739917755127 0.8526545763015747
121 0.4499364495277405 0.8566868305206299
122 0.4501689076423645 0.8539146780967712
123 0.45051541924476624 0.8560987710952759
124 0.44883424043655396 0.8573588728904724
125 0.4514165222644806 0.8514785170555115
126 0.4540586471557617 0.8512264490127563
127 0.44821980595588684 0.8581148982048035
128 0.4529128968715668 0.8513104915618896
129 0.45330196619033813 0.8529065847396851
130 0.45232436060905457 0.8529065847396851
131 0.44879236817359924 0.8576948642730713
132 0.4577951431274414 0.8483703136444092
133 0.44622141122817993 0.8612231016159058
134 0.4464954137802124 0.8597950339317322
135 0.4467921853065491 0.8576108813285828
136 0.44988763332366943 0.8545867204666138
137 0.45311811566352844 0.8531585931777954
138 0.44555601477622986 0.8620631694793701
139 0.4486948549747467 0.8598790168762207
140 0.4522368013858795 0.8547546863555908
141 0.4474237561225891 0.8600470423698425
142 0.44922617077827454 0.8571068644523621
143 0.44816434383392334 0.8590389490127563
144 0.4483201205730438 0.8558467626571655
145 0.4463501274585724 0.8604670763015747
146 0.4471856653690338 0.8594589829444885
147 0.4502447247505188 0.8565188050270081
148 0.4432034194469452 0.8636592626571655
149 0.4450949728488922 0.8608871102333069
150 0.44292038679122925 0.8642473220825195
151 0.45433756709098816 0.8540826439857483
152 0.44958776235580444 0.8563507795333862
153 0.4465474784374237 0.859375
154 0.4497317373752594 0.855174720287323
155 0.44976601004600525 0.8531585931777954
156 0.4461747705936432 0.8620631694793701
157 0.4487043023109436 0.8548387289047241
158 0.441087007522583 0.8657594323158264
159 0.4452457129955292 0.8627352118492126
160 0.4427957534790039 0.8639953136444092
161 0.44224414229393005 0.8652553558349609
162 0.4476591646671295 0.8561828136444092
163 0.4434199929237366 0.8613911271095276
164 0.4420185983181 0.8662634491920471
165 0.4448592960834503 0.8616431355476379
166 0.4454604387283325 0.8613911271095276
167 0.444584459066391 0.8626512289047241
168 0.44689953327178955 0.8572748899459839
169 0.4471186697483063 0.8585349321365356
170 0.4457159638404846 0.8616431355476379
171 0.4468937814235687 0.8579469323158264
172 0.4408970773220062 0.8649193644523621
173 0.4411754906177521 0.8655073642730713
174 0.4409618079662323 0.8640792965888977
175 0.44500261545181274 0.8613911271095276
176 0.44272381067276 0.8623992204666138
177 0.4433208107948303 0.8632392287254333
178 0.44114601612091064 0.8640792965888977
179 0.44363468885421753 0.8603830933570862
180 0.44096389412879944 0.8667674660682678
181 0.4418788254261017 0.8639953136444092
182 0.442105233669281 0.8643313050270081
183 0.44356101751327515 0.8642473220825195
184 0.43920329213142395 0.8675234913825989
185 0.4414341449737549 0.8646673560142517
186 0.44532832503318787 0.8623151779174805
187 0.4432761073112488 0.8616431355476379
188 0.4397401213645935 0.8655914068222046
189 0.44319087266921997 0.8624832034111023
190 0.4381544589996338 0.8688676357269287
191 0.43863245844841003 0.8660954236984253
192 0.4400666654109955 0.8665154576301575
193 0.4420916736125946 0.8644993305206299
194 0.43851402401924133 0.8689516186714172
195 0.4382777810096741 0.8690356016159058
196 0.43869298696517944 0.8688676357269287
197 0.44484665989875793 0.8618951439857483
198 0.4373643100261688 0.8692876100540161
199 0.43779778480529785 0.8687835931777954
