0 0.4097357392311096 0.8996976017951965
1 0.4092816114425659 0.9003696441650391
2 0.40812867879867554 0.9015457034111023
3 0.4070577323436737 0.9044018983840942
4 0.4091017544269562 0.8998655676841736
5 0.40885281562805176 0.9002856016159058
6 0.4058438837528229 0.9033938050270081
7 0.3990626633167267 0.9113743305206299
8 0.4027373492717743 0.9071740508079529
9 0.4087813198566437 0.8989415168762207
10 0.40735727548599243 0.9015457034111023
11 0.4088149964809418 0.9012096524238586
12 0.40877312421798706 0.8987734913825989
13 0.40908271074295044 0.9002856016159058
14 0.4045394957065582 0.9049898982048035
15 0.40544945001602173 0.9038978219032288
16 0.40678757429122925 0.9033938050270081
17 0.41274383664131165 0.8954132795333862
18 0.40971824526786804 0.8981014490127563
19 0.4101806879043579 0.8970934152603149
20 0.40182241797447205 0.9086021780967712
21 0.4073718786239624 0.9023857712745667
22 0.406942218542099 0.902637779712677
23 0.4064522683620453 0.9037298560142517
24 0.40156933665275574 0.9085181355476379
25 0.4012771248817444 0.9081821441650391
26 0.40389662981033325 0.9065859913825989
27 0.40409499406814575 0.9055779576301575
28 0.40322038531303406 0.9071740508079529
29 0.40178537368774414 0.9077621102333069
30 0.40315189957618713 0.9071740508079529
31 0.4076150059700012 0.9006216526031494
32 0.40441423654556274 0.9039818644523621
33 0.40654656291007996 0.9034778475761414
34 0.40472903847694397 0.9045698642730713
35 0.4051777720451355 0.9039818644523621
36 0.40295782685279846 0.9077621102333069
37 0.40685194730758667 0.9029737710952759
38 0.40758591890335083 0.9017977118492126
39 0.4047529697418213 0.9050739407539368
40 0.40416207909584045 0.90625
41 0.40179359912872314 0.9085181355476379
42 0.4023219347000122 0.9085181355476379
43 0.4068407714366913 0.9018816947937012
44 0.40136197209358215 0.9086021780967712
45 0.4058174192905426 0.9038138389587402
46 0.40272247791290283 0.9085181355476379
47 0.40081092715263367 0.9088541865348816
48 0.4018848240375519 0.9091061949729919
49 0.4060274362564087 0.9045698642730713
50 0.3997342884540558 0.9097782373428345
51 0.40443113446235657 0.905493974685669
52 0.4008714258670807 0.9090221524238586
53 0.40092360973358154 0.9096941947937012
54 0.4064825177192688 0.9041498899459839
55 0.4058547616004944 0.9036458134651184
56 0.40591323375701904 0.9040658473968506
57 0.40626922249794006 0.9038138389587402
58 0.4072269797325134 0.9035618305206299
59 0.40765315294265747 0.9023017287254333
60 0.4061598777770996 0.9039818644523621
61 0.41361522674560547 0.8960853219032288
62 0.4054827392101288 0.9036458134651184
63 0.4052424132823944 0.9038978219032288
64 0.40485578775405884 0.9039818644523621
65 0.407703161239624 0.9019657373428345
66 0.4020928144454956 0.9084341526031494
67 0.40896037220954895 0.9009576439857483
68 0.4058367908000946 0.9045698642730713
69 0.40206775069236755 0.9075101017951965
70 0.40629827976226807 0.9029737710952759
71 0.4050865173339844 0.9040658473968506
72 0.40272682905197144 0.9076780676841736
73 0.40542736649513245 0.9029737710952759
74 0.40688273310661316 0.9023857712745667
75 0.40594419836997986 0.9044018983840942
76 0.39852046966552734 0.9111223220825195
77 0.39944225549697876 0.9102822542190552
78 0.39448797702789307 0.9166666865348816
79 0.4010159969329834 0.9080981016159058
80 0.4018900990486145 0.9082661271095276
81 0.3994162082672119 0.9110382795333862
82 0.40322187542915344 0.9076780676841736
83 0.4070492684841156 0.9028897881507874
84 0.4010895788669586 0.9085181355476379
85 0.3994363844394684 0.910450279712677
86 0.40247824788093567 0.9080141186714172
87 0.4010673463344574 0.9095262289047241
88 0.40310460329055786 0.9061660170555115
89 0.4027981460094452 0.9075940847396851
90 0.3972439467906952 0.9139785170555115
91 0.3961058259010315 0.9139785170555115
92 0.40405505895614624 0.9075101017951965
93 0.39745908975601196 0.9129704236984253
94 0.40322452783584595 0.9067540168762207
95 0.4024716913700104 0.9089381694793701
96 0.3988630771636963 0.909862220287323
97 0.4002015292644501 0.9101142287254333
98 0.4049621522426605 0.9038138389587402
99 0.40522053837776184 0.9040658473968506
100 0.39771923422813416 0.9128864407539368
101 0.39946165680885315 0.9119623899459839
102 0.40022680163383484 0.9108703136444092
103 0.40259814262390137 0.9080141186714172
104 0.40321609377861023 0.906838059425354
105 0.39873337745666504 0.9120463728904724
106 0.4049680531024933 0.9046539068222046
107 0.40325263142585754 0.9060819745063782
108 0.4081467390060425 0.9012096524238586
109 0.41377028822898865 0.8949933052062988
110 0.41371992230415344 0.8958333134651184
111 0.4115894138813019 0.8970094323158264
112 0.4117905795574188 0.8975134491920471
113 0.40912097692489624 0.9001176357269287
114 0.41161978244781494 0.8970094323158264
115 0.410736620426178 0.8984375
116 0.4057300388813019 0.9031417965888977
117 0.4116714596748352 0.8981854915618896
118 0.40855178236961365 0.902049720287323
119 0.416308730840683 0.8916330933570862
120 0.4130539894104004 0.8956653475761414
121 0.4106839895248413 0.8979334831237793
122 0.4085808992385864 0.9007056355476379
123 0.40870437026023865 0.9013776779174805
124 0.41106221079826355 0.8977654576301575
125 0.4110700488090515 0.8962533473968506
126 0.4087432026863098 0.9013776779174805
127 0.4056619107723236 0.9029737710952759
128 0.4075937569141388 0.9019657373428345
129 0.4131591022014618 0.8957493305206299
130 0.4120384156703949 0.8963373899459839
131 0.41045573353767395 0.8989415168762207
132 0.41153159737586975 0.8982694745063782
133 0.40421608090400696 0.9049898982048035
134 0.4063839316368103 0.9029737710952759
135 0.40568771958351135 0.9038138389587402
136 0.40707671642303467 0.9029737710952759
137 0.41077783703804016 0.8983535170555115
138 0.40191519260406494 0.906838059425354
139 0.4072820544242859 0.9012936949729919
140 0.41044387221336365 0.899025559425354
141 0.4053204357624054 0.9044858813285828
142 0.40799257159233093 0.9010416865348816
143 0.40606725215911865 0.9048219323158264
144 0.40948647260665894 0.8996135592460632
145 0.4051409065723419 0.9039818644523621
146 0.40784332156181335 0.9034778475761414
147 0.402454137802124 0.9070900678634644
148 0.39895638823509216 0.9107862710952759
149 0.4017515778541565 0.9091901779174805
150 0.4024483859539032 0.9088541865348816
151 0.4125613272190094 0.8964213728904724
152 0.40683627128601074 0.9033938050270081
153 0.4095202684402466 0.8998655676841736
154 0.41259053349494934 0.8961693644523621
155 0.40697699785232544 0.9022177457809448
156 0.4055185914039612 0.9033098220825195
157 0.4101629853248596 0.8989415168762207
158 0.4046272337436676 0.9052419066429138
159 0.4050620198249817 0.9048219323158264
160 0.4090879559516907 0.9012936949729919
161 0.4044395685195923 0.9058299660682678
162 0.404214471578598 0.905493974685669
163 0.4057735800743103 0.9023857712745667
164 0.40538522601127625 0.9043178558349609
165 0.40865960717201233 0.9018816947937012
166 0.4134213924407959 0.8956653475761414
167 0.40920472145080566 0.9006216526031494
168 0.4055264890193939 0.9042338728904724
169 0.4092487096786499 0.8988575339317322
170 0.40590032935142517 0.9039818644523621
171 0.4096779227256775 0.8998655676841736
172 0.4058608114719391 0.9043178558349609
173 0.4047168493270874 0.9038978219032288
174 0.40311625599861145 0.9082661271095276
175 0.40853333473205566 0.9010416865348816
176 0.40787753462791443 0.9012936949729919
177 0.40346288681030273 0.9074260592460632
178 0.40643298625946045 0.9037298560142517
179 0.40673530101776123 0.9024697542190552
180 0.4054305851459503 0.9044858813285828
181 0.4030272662639618 0.9066700339317322
182 0.4046821892261505 0.9049898982048035
183 0.40941759943962097 0.9005376100540161
184 0.4070696234703064 0.9028897881507874
185 0.4068014919757843 0.9033938050270081
186 0.40697792172431946 0.9033098220825195
187 0.4099624752998352 0.8998655676841736
188 0.4036255180835724 0.9045698642730713
189 0.4113738238811493 0.8960853219032288
190 0.40957513451576233 0.8985214829444885
191 0.4085843861103058 0.9012096524238586
192 0.40943366289138794 0.8994455933570862
193 0.4075067639350891 0.902049720287323
194 0.40775594115257263 0.9019657373428345
195 0.4074931740760803 0.9014617204666138
196 0.4080874025821686 0.9014617204666138
197 0.4096154272556305 0.9002016186714172
198 0.4063389301300049 0.9041498899459839
199 0.4029861390590668 0.9073420763015747
