0 0.5831480026245117 0.6988407373428345
1 0.4916185438632965 0.8142641186714172
2 0.48439449071884155 0.8208165168762207
3 0.48529738187789917 0.8224966526031494
4 0.47631990909576416 0.8324092626571655
5 0.4719368815422058 0.8359375
6 0.4701595604419708 0.836693525314331
7 0.4606924057006836 0.8461021780967712
8 0.4580814838409424 0.8494623899459839
9 0.47124144434928894 0.8345934152603149
10 0.4639164209365845 0.8424898982048035
11 0.46116819977760315 0.8451780676841736
12 0.4567771852016449 0.8514785170555115
13 0.4610327482223511 0.8476142287254333
14 0.4586728811264038 0.8493783473968506
15 0.4626862704753876 0.8460181355476379
16 0.46147048473358154 0.8461861610412598
17 0.45724838972091675 0.8504704236984253
18 0.45757731795310974 0.8507224321365356
19 0.45820412039756775 0.8507224321365356
20 0.45321959257125854 0.8537466526031494
21 0.45837241411209106 0.8482862710952759
22 0.4520396590232849 0.8566868305206299
23 0.4562626779079437 0.8516464829444885
24 0.44968143105506897 0.8573588728904724
25 0.44769200682640076 0.8616431355476379
26 0.45218756794929504 0.8560147881507874
27 0.4541493058204651 0.8540826439857483
28 0.44709861278533936 0.8608030676841736
29 0.4494345486164093 0.858786940574646
30 0.44951239228248596 0.8598790168762207
31 0.45316529273986816 0.8553427457809448
32 0.45336389541625977 0.8533266186714172
33 0.45121362805366516 0.8560987710952759
34 0.45040199160575867 0.8560987710952759
35 0.447719007730484 0.8604670763015747
36 0.44649624824523926 0.8616431355476379
37 0.44918355345726013 0.8575268983840942
38 0.4445628523826599 0.863575279712677
39 0.44434648752212524 0.8642473220825195
40 0.44567936658859253 0.8630712628364563
41 0.44226697087287903 0.8654233813285828
42 0.44790324568748474 0.8598790168762207
43 0.44538605213165283 0.8632392287254333
44 0.447554349899292 0.8595430254936218
45 0.4510055482387543 0.8561828136444092
46 0.4460378587245941 0.8625671863555908
47 0.44145211577415466 0.8657594323158264
48 0.43759486079216003 0.8693716526031494
49 0.44167962670326233 0.8653393983840942
50 0.44189396500587463 0.8649193644523621
51 0.4444010853767395 0.8633232712745667
52 0.44093865156173706 0.8674395084381104
53 0.44313618540763855 0.8641632795333862
54 0.44296514987945557 0.8654233813285828
55 0.4466507136821747 0.8617271780967712
56 0.43817901611328125 0.8695396780967712
57 0.44222310185432434 0.8651713728904724
58 0.44190314412117004 0.8653393983840942
59 0.4419856667518616 0.8659273982048035
60 0.4375520646572113 0.8691196441650391
61 0.4437340795993805 0.862987220287323
62 0.43761131167411804 0.8697916865348816
63 0.4349063038825989 0.8734039068222046
64 0.4385621249675751 0.8689516186714172
65 0.44198545813560486 0.8655914068222046
66 0.43582960963249207 0.870799720287323
67 0.4390976130962372 0.8662634491920471
68 0.43763643503189087 0.8693716526031494
69 0.43841221928596497 0.8688676357269287
70 0.44031456112861633 0.8658434152603149
71 0.44311749935150146 0.8618951439857483
72 0.4339669346809387 0.8723958134651184
73 0.43732935190200806 0.8710517287254333
74 0.43811681866645813 0.8702957034111023
75 0.43947234749794006 0.8674395084381104
76 0.43520474433898926 0.8733198642730713
77 0.4361659288406372 0.8719757795333862
78 0.4343118965625763 0.874243974685669
79 0.4363797903060913 0.871387779712677
80 0.4338191747665405 0.8722278475761414
81 0.4318559765815735 0.8764280676841736
82 0.4358041286468506 0.8713037371635437
83 0.4390109181404114 0.8683635592460632
84 0.4347059726715088 0.8716397881507874
85 0.43699562549591064 0.8712197542190552
86 0.43790772557258606 0.8684476017951965
87 0.4353230893611908 0.8718917965888977
88 0.43946731090545654 0.8657594323158264
89 0.4390397071838379 0.8686155676841736
90 0.4352838099002838 0.8723118305206299
91 0.42876335978507996 0.8791162371635437
92 0.43736302852630615 0.8702957034111023
93 0.4305592179298401 0.8760080933570862
94 0.43643349409103394 0.8720598220825195
95 0.4361784756183624 0.8708837628364563
96 0.43196332454681396 0.874411940574646
97 0.43063047528266907 0.8780242204666138
98 0.4384857416152954 0.8692036271095276
99 0.43259820342063904 0.8756720423698425
100 0.43255814909935 0.8761760592460632
101 0.43390220403671265 0.8740759491920471
102 0.4342331886291504 0.8722278475761414
103 0.4340065121650696 0.8737398982048035
104 0.43536877632141113 0.8722278475761414
105 0.4311491847038269 0.8761760592460632
106 0.4299132227897644 0.8787802457809448
107 0.432468980550766 0.874411940574646
108 0.4328763484954834 0.8751680254936218
109 0.4322983920574188 0.8755040168762207
110 0.43017470836639404 0.8765121102333069
111 0.43055427074432373 0.8770161271095276
112 0.4329550564289093 0.875
113 0.43154969811439514 0.874411940574646
114 0.4324149191379547 0.874411940574646
115 0.43099257349967957 0.875588059425354
116 0.42947855591773987 0.8774361610412598
117 0.43311384320259094 0.8734039068222046
118 0.4316999316215515 0.8766801357269287
119 0.43458959460258484 0.8729838728904724
120 0.4333207309246063 0.8730678558349609
121 0.42975059151649475 0.8766801357269287
122 0.4316846430301666 0.8754200339317322
123 0.4327253997325897 0.8751680254936218
124 0.43206098675727844 0.8740759491920471
125 0.43179553747177124 0.8754200339317322
126 0.43425676226615906 0.874411940574646
127 0.4258407652378082 0.8826444745063782
128 0.4319039285182953 0.8731518983840942
129 0.4339313805103302 0.8745799660682678
130 0.43033403158187866 0.8763440847396851
131 0.4300363063812256 0.8785282373428345
132 0.4367353916168213 0.8705477118492126
133 0.4300467371940613 0.8778561949729919
134 0.4280586540699005 0.879200279712677
135 0.430765837430954 0.8760920763015747
136 0.4278045892715454 0.8792842626571655
137 0.43270766735076904 0.8741599321365356
138 0.42474398016929626 0.8833165168762207
139 0.4292856454849243 0.8772681355476379
140 0.4320088326931 0.874243974685669
141 0.43007320165634155 0.8779401779174805
142 0.43259137868881226 0.8754200339317322
143 0.4301394522190094 0.8778561949729919
144 0.4346388876438141 0.8708837628364563
145 0.4298505485057831 0.8792842626571655
146 0.43264123797416687 0.8771001100540161
147 0.4318363666534424 0.8776041865348816
148 0.42673227190971375 0.8806283473968506
149 0.42802894115448 0.8793683052062988
150 0.42783811688423157 0.8794522881507874
151 0.4329414367675781 0.8746639490127563
152 0.42968249320983887 0.8775201439857483
153 0.4281170070171356 0.8778561949729919
154 0.43087297677993774 0.8759240508079529
155 0.4311470091342926 0.8776041865348816
156 0.4267704486846924 0.8812164068222046
157 0.42980071902275085 0.8774361610412598
158 0.4257826805114746 0.8813844323158264
159 0.42583054304122925 0.8818884491920471
160 0.42909324169158936 0.8776041865348816
161 0.42603880167007446 0.8828125
162 0.42684584856033325 0.8789482712745667
163 0.4249250292778015 0.8824764490127563
164 0.42681002616882324 0.8812164068222046
165 0.4265870451927185 0.8797882795333862
166 0.428528368473053 0.8799563050270081
167 0.43004459142684937 0.8781921863555908
168 0.42686113715171814 0.8811323642730713
169 0.42818906903266907 0.8797042965888977
170 0.4258809983730316 0.8825604915618896
171 0.4270778298377991 0.8802083134651184
172 0.42551445960998535 0.8805443644523621
173 0.4214382469654083 0.8869287371635437
174 0.4248352348804474 0.8823924660682678
175 0.4262048900127411 0.8830645084381104
176 0.4277251064777374 0.8805443644523621
177 0.42486870288848877 0.8832325339317322
178 0.42710766196250916 0.8802083134651184
179 0.4285430610179901 0.8792842626571655
180 0.42664051055908203 0.8818044066429138
181 0.4253576099872589 0.8818044066429138
182 0.4273218512535095 0.8810483813285828
183 0.42886748909950256 0.8791162371635437
184 0.4265854060649872 0.8798723220825195
185 0.4251020550727844 0.8810483813285828
186 0.4282585084438324 0.8801243305206299
187 0.43002504110336304 0.8781921863555908
188 0.42661210894584656 0.8796203136444092
189 0.4295089840888977 0.8788642287254333
190 0.4263978898525238 0.8818044066429138
191 0.426205575466156 0.8809643983840942
192 0.4274882674217224 0.8802083134651184
193 0.42714977264404297 0.8805443644523621
194 0.4232970178127289 0.8830645084381104
195 0.4253821074962616 0.8817204236984253
196 0.426908403635025 0.8793683052062988
197 0.42752760648727417 0.8800403475761414
198 0.4240661859512329 0.8831484913825989
199 0.4216603636741638 0.8867607712745667
