0 0.42747968435287476 0.8824764490127563
1 0.4232543110847473 0.8844926357269287
2 0.42230889201164246 0.8859207034111023
3 0.42077627778053284 0.8878528475761414
4 0.4246431887149811 0.8813844323158264
5 0.42461878061294556 0.8836525678634644
6 0.4213729798793793 0.886424720287323
7 0.4156206548213959 0.8926411271095276
8 0.4183889329433441 0.890625
9 0.42439600825309753 0.8834845423698425
10 0.4207899868488312 0.8875167965888977
11 0.4250583350658417 0.8834845423698425
12 0.4257863759994507 0.8799563050270081
13 0.4226342737674713 0.8839045763015747
14 0.4175419509410858 0.8887768983840942
15 0.42217692732810974 0.8849126100540161
16 0.42035362124443054 0.8855846524238586
17 0.42697417736053467 0.8789482712745667
18 0.42349448800086975 0.8827285170555115
19 0.423831969499588 0.882224440574646
20 0.4188275933265686 0.8887768983840942
21 0.42478716373443604 0.8823924660682678
22 0.42132025957107544 0.8855846524238586
23 0.41973286867141724 0.8891128897666931
24 0.4172799289226532 0.8897849321365356
25 0.4184316396713257 0.8894489407539368
26 0.4207126796245575 0.886424720287323
27 0.4203161895275116 0.886424720287323
28 0.4175736606121063 0.8899529576301575
29 0.4178723096847534 0.8909609913825989
30 0.4194886386394501 0.8895329236984253
31 0.4263010621070862 0.8824764490127563
32 0.4188600480556488 0.8893648982048035
33 0.41983047127723694 0.8875167965888977
34 0.42159050703048706 0.8843246102333069
35 0.41994553804397583 0.8872647881507874
36 0.4188361167907715 0.8875167965888977
37 0.42195793986320496 0.8858367204666138
38 0.4220242202281952 0.8867607712745667
39 0.41958916187286377 0.8881048560142517
40 0.4196680188179016 0.8879368305206299
41 0.4151059687137604 0.8923051357269287
42 0.41655415296554565 0.8915490508079529
43 0.4184311032295227 0.8904569745063782
44 0.41953516006469727 0.8888608813285828
45 0.4218374192714691 0.8862566947937012
46 0.4196068048477173 0.8873487710952759
47 0.41425347328186035 0.8930611610412598
48 0.4150269329547882 0.8919690847396851
49 0.4208558201789856 0.8857526779174805
50 0.4165152609348297 0.8917170763015747
51 0.41808897256851196 0.8895329236984253
52 0.4160962402820587 0.8923891186714172
53 0.417856365442276 0.889868974685669
54 0.41856715083122253 0.8883568644523621
55 0.4214540421962738 0.8844926357269287
56 0.41520965099334717 0.8925571441650391
57 0.41705673933029175 0.8910450339317322
58 0.4178343713283539 0.8894489407539368
59 0.4145830571651459 0.8944052457809448
60 0.41271254420280457 0.8969253897666931
61 0.42137789726257324 0.8866767287254333
62 0.41397473216056824 0.8954132795333862
63 0.41718748211860657 0.891213059425354
64 0.4158572256565094 0.8939012289047241
65 0.4198135435581207 0.8885248899459839
66 0.412919819355011 0.894825279712677
67 0.4174327254295349 0.8920530676841736
68 0.4173799753189087 0.8910450339317322
69 0.41559842228889465 0.8938171863555908
70 0.41887548565864563 0.8884408473968506
71 0.42076361179351807 0.886424720287323
72 0.4115792512893677 0.8965893983840942
73 0.41425392031669617 0.8946572542190552
74 0.41971465945243835 0.8886928558349609
75 0.42083948850631714 0.8861727118492126
76 0.4152719974517822 0.8924731016159058
77 0.41453680396080017 0.8926411271095276
78 0.4120740294456482 0.8965893983840942
79 0.41518425941467285 0.8922210931777954
80 0.41442716121673584 0.8933971524238586
81 0.41423332691192627 0.8949092626571655
82 0.41627129912376404 0.8922210931777954
83 0.4193230867385864 0.8887768983840942
84 0.4168080985546112 0.8930611610412598
85 0.41486191749572754 0.8940691947937012
86 0.42048534750938416 0.8874328136444092
87 0.41455575823783875 0.8943212628364563
88 0.41667014360427856 0.8934811949729919
89 0.4198734760284424 0.8874328136444092
90 0.4150152802467346 0.8933131694793701
91 0.4089975953102112 0.9000335931777954
92 0.41849181056022644 0.8899529576301575
93 0.4122218191623688 0.8964213728904724
94 0.4174460470676422 0.8905410170555115
95 0.4176604151725769 0.8916330933570862
96 0.4135991632938385 0.8947412371635437
97 0.41479647159576416 0.8937332034111023
98 0.4196377396583557 0.8878528475761414
99 0.41568994522094727 0.8929771780967712
100 0.4137749969959259 0.8944892287254333
101 0.413936048746109 0.8945732712745667
102 0.4175947308540344 0.891381025314331
103 0.41749757528305054 0.891381025314331
104 0.4181980490684509 0.8912970423698425
105 0.4126955568790436 0.8943212628364563
106 0.4136950969696045 0.8943212628364563
107 0.41604340076446533 0.8918010592460632
108 0.4173789918422699 0.8892809152603149
109 0.41276973485946655 0.8955813050270081
110 0.4107169210910797 0.8989415168762207
111 0.4144279360771179 0.8944892287254333
112 0.4141730070114136 0.8954132795333862
113 0.4105398654937744 0.8980174660682678
114 0.4140056371688843 0.8936492204666138
115 0.4147428572177887 0.8939012289047241
116 0.40994516015052795 0.8988575339317322
117 0.4126424789428711 0.8961693644523621
118 0.41254565119743347 0.8960013389587402
119 0.4193727672100067 0.8876848220825195
120 0.4170474112033844 0.8902889490127563
121 0.4153575003147125 0.8933971524238586
122 0.41645127534866333 0.8903729915618896
123 0.41328930854797363 0.8950772881507874
124 0.4158247113227844 0.8916330933570862
125 0.414029598236084 0.8944892287254333
126 0.41668951511383057 0.8911290168762207
127 0.41122329235076904 0.8960853219032288
128 0.4144425392150879 0.8945732712745667
129 0.41864827275276184 0.8901209831237793
130 0.41625145077705383 0.8910450339317322
131 0.4141615629196167 0.8935651779174805
132 0.41496720910072327 0.8930611610412598
133 0.41198012232780457 0.8956653475761414
134 0.41142404079437256 0.8979334831237793
135 0.41153883934020996 0.8974294066429138
136 0.4121481776237488 0.8957493305206299
137 0.4183899164199829 0.8897849321365356
138 0.4097575843334198 0.9007896780967712
139 0.4131982922554016 0.8962533473968506
140 0.41359296441078186 0.8944892287254333
141 0.4120502769947052 0.8966733813285828
142 0.4151010811328888 0.8937332034111023
143 0.41246482729911804 0.8965893983840942
144 0.41663989424705505 0.8904569745063782
145 0.412710577249527 0.894825279712677
146 0.41507571935653687 0.8929771780967712
147 0.41122183203697205 0.8975134491920471
148 0.40937110781669617 0.899025559425354
149 0.4120766520500183 0.8965893983840942
150 0.4118499457836151 0.8977654576301575
151 0.41741085052490234 0.8915490508079529
152 0.41363611817359924 0.8934811949729919
153 0.4126296043395996 0.8963373899459839
154 0.4162498116493225 0.8922210931777954
155 0.4112914204597473 0.8970934152603149
156 0.4107077121734619 0.8970094323158264
157 0.4140763580799103 0.8949092626571655
158 0.40987637639045715 0.899025559425354
159 0.40716975927352905 0.9017977118492126
160 0.41149020195007324 0.8986055254936218
161 0.4115573465824127 0.8973454236984253
162 0.4104623794555664 0.8984375
163 0.40953609347343445 0.8993615508079529
164 0.4098007380962372 0.8991095423698425
165 0.41311347484588623 0.8954132795333862
166 0.41434618830680847 0.8945732712745667
167 0.412725031375885 0.8950772881507874
168 0.4098621904850006 0.9007896780967712
169 0.4123176336288452 0.8960853219032288
170 0.41228678822517395 0.8965053558349609
171 0.4121689200401306 0.8958333134651184
172 0.4104629158973694 0.8981014490127563
173 0.4086008369922638 0.9008736610412598
174 0.40786129236221313 0.9013776779174805
175 0.412689745426178 0.8957493305206299
176 0.41222596168518066 0.8971773982048035
177 0.41047829389572144 0.8993615508079529
178 0.4124113917350769 0.8949092626571655
179 0.4132719039916992 0.8945732712745667
180 0.4129030406475067 0.8937332034111023
181 0.4112876057624817 0.8977654576301575
182 0.4130019247531891 0.8967573642730713
183 0.4152967035770416 0.894237220287323
184 0.4121515452861786 0.8982694745063782
185 0.41153278946876526 0.8970094323158264
186 0.4136562943458557 0.8954132795333862
187 0.4165215492248535 0.8926411271095276
188 0.4117197096347809 0.8973454236984253
189 0.4152192175388336 0.8937332034111023
190 0.4150333106517792 0.8933131694793701
191 0.41119080781936646 0.8970934152603149
192 0.40944376587867737 0.8992775678634644
193 0.41209858655929565 0.8969253897666931
194 0.40717023611068726 0.9013776779174805
195 0.4099127948284149 0.8996976017951965
196 0.41094356775283813 0.8984375
197 0.4132085144519806 0.8941532373428345
198 0.41292721033096313 0.8952453136444092
199 0.4091624915599823 0.9001176357269287
200 0.4151124358177185 0.8933971524238586
201 0.41116979718208313 0.8996976017951965
202 0.40689900517463684 0.9007056355476379
203 0.40948542952537537 0.9002856016159058
204 0.4122326374053955 0.8962533473968506
205 0.4108298122882843 0.8987734913825989
206 0.4108858108520508 0.8968414068222046
207 0.4040129482746124 0.9053259491920471
208 0.4071788489818573 0.9012096524238586
209 0.41146641969680786 0.8977654576301575
210 0.4068288207054138 0.9023857712745667
211 0.4119269549846649 0.8965893983840942
212 0.4132543206214905 0.8953292965888977
213 0.4098952114582062 0.8981014490127563
214 0.4054163098335266 0.9036458134651184
215 0.40753090381622314 0.9016296863555908
216 0.4068182110786438 0.9023857712745667
217 0.4112645089626312 0.8961693644523621
218 0.4108656644821167 0.8980174660682678
219 0.41185981035232544 0.8950772881507874
220 0.4059731960296631 0.9031417965888977
221 0.40815550088882446 0.9010416865348816
222 0.4088729918003082 0.8985214829444885
223 0.40881475806236267 0.8995295763015747
224 0.4047234356403351 0.9030578136444092
225 0.40678146481513977 0.9029737710952759
226 0.4096103310585022 0.9007896780967712
227 0.40972211956977844 0.8992775678634644
228 0.40613025426864624 0.9028058052062988
229 0.4042854607105255 0.9063339829444885
230 0.4073627293109894 0.9014617204666138
231 0.4124559462070465 0.8963373899459839
232 0.40736719965934753 0.9019657373428345
233 0.40845879912376404 0.9006216526031494
234 0.4086037874221802 0.899193525314331
235 0.4081932008266449 0.8981014490127563
236 0.4050513207912445 0.9034778475761414
237 0.4094604551792145 0.9001176357269287
238 0.40813684463500977 0.9019657373428345
239 0.4067378640174866 0.9033938050270081
240 0.40637171268463135 0.9033098220825195
241 0.4054022431373596 0.9042338728904724
242 0.4056301712989807 0.9037298560142517
243 0.4053279459476471 0.9029737710952759
244 0.40637487173080444 0.9034778475761414
245 0.4091610610485077 0.8996976017951965
246 0.40758153796195984 0.9018816947937012
247 0.401913046836853 0.9077621102333069
248 0.4031752645969391 0.9052419066429138
249 0.40583324432373047 0.9033938050270081
250 0.4041583240032196 0.9045698642730713
251 0.4087984561920166 0.9002016186714172
252 0.4047152101993561 0.9046539068222046
253 0.40503573417663574 0.9059139490127563
254 0.40840235352516174 0.9007896780967712
255 0.40637874603271484 0.9023017287254333
256 0.40101754665374756 0.9080981016159058
257 0.40370526909828186 0.9051579236984253
258 0.4041732847690582 0.9048219323158264
259 0.40280261635780334 0.9075940847396851
260 0.40237271785736084 0.9078460931777954
261 0.40655821561813354 0.9021337628364563
262 0.4003790616989136 0.9093582034111023
263 0.40185168385505676 0.9080141186714172
264 0.40420201420783997 0.9038978219032288
265 0.40651047229766846 0.9022177457809448
266 0.3985578119754791 0.9102822542190552
267 0.4041983187198639 0.9061660170555115
268 0.40190377831459045 0.9079301357269287
269 0.4009017050266266 0.9065859913825989
270 0.4071965515613556 0.902049720287323
271 0.407572865486145 0.9012936949729919
272 0.3994540274143219 0.9101982712745667
273 0.4026620090007782 0.9065859913825989
274 0.4060675799846649 0.9031417965888977
275 0.40757644176483154 0.9017977118492126
276 0.4012680947780609 0.9091901779174805
277 0.40017229318618774 0.9096102118492126
278 0.40048155188560486 0.9100302457809448
279 0.40107038617134094 0.9081821441650391
280 0.40017154812812805 0.9093582034111023
281 0.4004831314086914 0.9083501100540161
282 0.4016866683959961 0.9074260592460632
283 0.40506866574287415 0.9052419066429138
284 0.40415188670158386 0.9047378897666931
285 0.39945319294929504 0.9112903475761414
286 0.4038223326206207 0.9050739407539368
287 0.4009883403778076 0.909862220287323
288 0.4039764404296875 0.9050739407539368
289 0.40465331077575684 0.9032257795333862
290 0.4009469449520111 0.9078460931777954
291 0.39744386076927185 0.9125503897666931
292 0.4057391881942749 0.9035618305206299
293 0.39786607027053833 0.9117103219032288
294 0.4033537805080414 0.9058299660682678
295 0.40446528792381287 0.9047378897666931
296 0.3987460434436798 0.9109542965888977
297 0.4017285704612732 0.9081821441650391
298 0.40554213523864746 0.9036458134651184
299 0.40231651067733765 0.9061660170555115
300 0.40059375762939453 0.9090221524238586
301 0.4014332592487335 0.9095262289047241
302 0.40199944376945496 0.9067540168762207
303 0.40031445026397705 0.9090221524238586
304 0.4036928713321686 0.9052419066429138
305 0.3968450427055359 0.9132224321365356
306 0.3991638123989105 0.909862220287323
307 0.4000954031944275 0.9096941947937012
308 0.3998781740665436 0.9099462628364563
309 0.4004148244857788 0.9089381694793701
310 0.3984803259372711 0.9115423560142517
311 0.39920690655708313 0.9109542965888977
312 0.39958757162094116 0.910450279712677
313 0.3983842134475708 0.9111223220825195
314 0.3979664444923401 0.9126344323158264
315 0.4002023935317993 0.9094421863555908
316 0.39532002806663513 0.9147345423698425
317 0.39766594767570496 0.9122143983840942
318 0.39652320742607117 0.9135584831237793
319 0.40280479192733765 0.9064180254936218
320 0.40164971351623535 0.906838059425354
321 0.40155401825904846 0.9075940847396851
322 0.3978835344314575 0.9128023982048035
323 0.3983556628227234 0.9122983813285828
324 0.3984760046005249 0.9112063050270081
325 0.3990246057510376 0.9109542965888977
326 0.4002981185913086 0.9102822542190552
327 0.3941582441329956 0.9163306355476379
328 0.39918944239616394 0.9110382795333862
329 0.40452587604522705 0.9050739407539368
330 0.39974445104599 0.9109542965888977
331 0.40012019872665405 0.9091061949729919
332 0.40265920758247375 0.9076780676841736
333 0.3955542743206024 0.9141464829444885
334 0.3959144949913025 0.914818525314331
335 0.3956105709075928 0.914650559425354
336 0.4008041024208069 0.9094421863555908
337 0.4031134843826294 0.9070900678634644
338 0.39496275782585144 0.914650559425354
339 0.39797505736351013 0.9120463728904724
340 0.40176939964294434 0.9070900678634644
341 0.39735573530197144 0.9122983813285828
342 0.39919513463974 0.9114583134651184
343 0.3994259536266327 0.9111223220825195
344 0.4001753330230713 0.9096102118492126
345 0.4002271592617035 0.9090221524238586
346 0.3979918360710144 0.9119623899459839
347 0.39546915888786316 0.9155746102333069
348 0.3945719003677368 0.9149025678634644
349 0.3938919007778168 0.9165826439857483
350 0.3941848874092102 0.9149025678634644
351 0.39932554960250854 0.9106183052062988
352 0.395550936460495 0.9150705933570862
353 0.39739757776260376 0.913474440574646
354 0.39941003918647766 0.9106183052062988
355 0.39638552069664 0.9136424660682678
356 0.39477428793907166 0.9138104915618896
357 0.3966538608074188 0.9143984913825989
358 0.3942030668258667 0.9159106016159058
359 0.39424970746040344 0.9165826439857483
360 0.39531809091567993 0.9159946441650391
361 0.39430370926856995 0.9161626100540161
362 0.3978721797466278 0.9121303558349609
363 0.39322686195373535 0.9170026779174805
364 0.39571142196655273 0.9142305254936218
365 0.396576464176178 0.9141464829444885
366 0.39661356806755066 0.9131384491920471
367 0.3974386751651764 0.9119623899459839
368 0.3943173885345459 0.9173387289047241
369 0.3976196050643921 0.913306474685669
370 0.3965543210506439 0.9129704236984253
371 0.393545538187027 0.9173387289047241
372 0.3917199671268463 0.9191868305206299
373 0.39415881037712097 0.9157426357269287
374 0.39169538021087646 0.9172546863555908
375 0.39357346296310425 0.9169186949729919
376 0.3957118093967438 0.9143984913825989
377 0.3938528895378113 0.9161626100540161
378 0.3949265480041504 0.9157426357269287
379 0.39759576320648193 0.9126344323158264
380 0.3941870629787445 0.9164146780967712
381 0.3937009871006012 0.9164986610412598
382 0.39440208673477173 0.9151545763015747
383 0.39665767550468445 0.9133904576301575
384 0.39483657479286194 0.914818525314331
385 0.3933093547821045 0.917674720287323
386 0.3950214982032776 0.9152385592460632
387 0.39777350425720215 0.9130544066429138
388 0.39578714966773987 0.914650559425354
389 0.3978417217731476 0.9129704236984253
390 0.396397203207016 0.9145665168762207
391 0.39346495270729065 0.9164986610412598
392 0.39339327812194824 0.9161626100540161
393 0.3955093026161194 0.9145665168762207
394 0.39218881726264954 0.9175066947937012
395 0.39110955595970154 0.9180947542190552
396 0.3958073556423187 0.9145665168762207
397 0.39453160762786865 0.9161626100540161
398 0.3934030830860138 0.917674720287323
399 0.390158087015152 0.9206989407539368
