0 0.3945944607257843 0.9168346524238586
1 0.39147424697875977 0.9195228219032288
2 0.3889048993587494 0.9215389490127563
3 0.39195457100868225 0.9190188050270081
4 0.3936481177806854 0.9180947542190552
5 0.39411798119544983 0.9170026779174805
6 0.392232209444046 0.9186828136444092
7 0.3863513767719269 0.9244791865348816
8 0.3874853849411011 0.9227990508079529
9 0.3912464678287506 0.9204469323158264
10 0.39057454466819763 0.9194388389587402
11 0.3911890387535095 0.9196908473968506
12 0.3928260803222656 0.9172546863555908
13 0.39212048053741455 0.9184308052062988
14 0.3852025866508484 0.926075279712677
15 0.3883409798145294 0.9232190847396851
16 0.3877876400947571 0.9234710931777954
17 0.3908732533454895 0.9207829236984253
18 0.3931720554828644 0.917674720287323
19 0.3896017074584961 0.9210349321365356
20 0.3873897194862366 0.9243951439857483
21 0.39004167914390564 0.9216229915618896
22 0.3889874219894409 0.9223790168762207
23 0.3907017111778259 0.9195228219032288
24 0.3856728672981262 0.9248151779174805
25 0.3872694969177246 0.9243951439857483
26 0.3905181586742401 0.9206148982048035
27 0.3884741961956024 0.9219589829444885
28 0.38706174492836 0.9236391186714172
29 0.38488268852233887 0.9270833134651184
30 0.38807958364486694 0.9232190847396851
31 0.39054805040359497 0.9203628897666931
32 0.3868632912635803 0.9243111610412598
33 0.3864482641220093 0.9248992204666138
34 0.38603177666664124 0.9258232712745667
35 0.3856084644794464 0.9252352118492126
36 0.3844548761844635 0.9264953136444092
37 0.3872479796409607 0.9239751100540161
38 0.3888089656829834 0.9227990508079529
39 0.3880445063114166 0.9227150678634644
40 0.38696932792663574 0.9239751100540161
41 0.3996700048446655 0.9100302457809448
42 0.397977352142334 0.9128864407539368
43 0.3977985978126526 0.9138944745063782
44 0.39962103962898254 0.9106183052062988
45 0.4020429253578186 0.9081821441650391
46 0.4004783630371094 0.9096102118492126
47 0.3949658274650574 0.9145665168762207
48 0.3967213034629822 0.9130544066429138
49 0.39929676055908203 0.9107022881507874
50 0.3976433575153351 0.9132224321365356
51 0.40047070384025574 0.9089381694793701
52 0.3992193937301636 0.9106183052062988
53 0.3985663652420044 0.9122983813285828
54 0.4012569189071655 0.9093582034111023
55 0.39999160170555115 0.9108703136444092
56 0.3966495096683502 0.9137264490127563
57 0.39709144830703735 0.9128023982048035
58 0.39832210540771484 0.9101982712745667
59 0.3990872800350189 0.9107862710952759
60 0.395965576171875 0.9140625
61 0.40151554346084595 0.9075101017951965
62 0.3953752815723419 0.9142305254936218
63 0.3959757089614868 0.9154905676841736
64 0.3989468514919281 0.9102822542190552
65 0.40129321813583374 0.9097782373428345
66 0.390651136636734 0.9213709831237793
67 0.39768001437187195 0.913306474685669
68 0.3972831964492798 0.9133904576301575
69 0.3967047333717346 0.9130544066429138
70 0.40174049139022827 0.9088541865348816
71 0.39980313181877136 0.9093582034111023
72 0.3948637545108795 0.9149025678634644
73 0.39453279972076416 0.9156585931777954
74 0.4001222550868988 0.910450279712677
75 0.40280553698539734 0.9061660170555115
76 0.39712002873420715 0.9127184152603149
77 0.39437106251716614 0.9160786271095276
78 0.3943535089492798 0.9170026779174805
79 0.39589089155197144 0.9139785170555115
80 0.3970661461353302 0.9128023982048035
81 0.39577770233154297 0.9143145084381104
82 0.39961206912994385 0.9092742204666138
83 0.40095818042755127 0.9083501100540161
84 0.3988209664821625 0.9114583134651184
85 0.393634557723999 0.9170026779174805
86 0.39819347858428955 0.9119623899459839
87 0.397585928440094 0.9131384491920471
88 0.4001166522502899 0.9091901779174805
89 0.39855119585990906 0.9103662371635437
90 0.3958929181098938 0.9133904576301575
91 0.392383873462677 0.9183467626571655
92 0.40176159143447876 0.9069220423698425
93 0.39337626099586487 0.9170867204666138
94 0.39830541610717773 0.913306474685669
95 0.39895814657211304 0.9112063050270081
96 0.39331957697868347 0.9175066947937012
97 0.3975639045238495 0.9130544066429138
98 0.40040090680122375 0.9092742204666138
99 0.3969811797142029 0.9120463728904724
100 0.3963914215564728 0.9144825339317322
101 0.3955863118171692 0.914818525314331
102 0.3964022994041443 0.9135584831237793
103 0.39676785469055176 0.9133904576301575
104 0.39691415429115295 0.9123823642730713
105 0.3921714425086975 0.9196068644523621
106 0.39675936102867126 0.913306474685669
107 0.39620041847229004 0.9135584831237793
108 0.3957856595516205 0.9149865508079529
109 0.3947198987007141 0.9150705933570862
110 0.3939206004142761 0.9170026779174805
111 0.39598870277404785 0.9142305254936218
112 0.39680346846580505 0.9132224321365356
113 0.3925117254257202 0.9175066947937012
114 0.3953520953655243 0.9150705933570862
115 0.394588828086853 0.9158266186714172
116 0.3912631571292877 0.9197748899459839
117 0.3927218019962311 0.9188507795333862
118 0.3934747874736786 0.9170026779174805
119 0.39995160698890686 0.9103662371635437
120 0.400340735912323 0.9094421863555908
121 0.3974102735519409 0.9117103219032288
122 0.3937516510486603 0.9170867204666138
123 0.3960617184638977 0.9143984913825989
124 0.3966304063796997 0.9135584831237793
125 0.393378883600235 0.917674720287323
126 0.3975152373313904 0.913474440574646
127 0.38919907808303833 0.9217069745063782
128 0.3945734202861786 0.9172546863555908
129 0.39881396293640137 0.9112903475761414
130 0.3967910706996918 0.9136424660682678
131 0.3954714238643646 0.9149865508079529
132 0.39743202924728394 0.9129704236984253
133 0.3908691108226776 0.9200268983840942
134 0.39220038056373596 0.9187667965888977
135 0.3922232389450073 0.9180947542190552
136 0.3969897925853729 0.9138104915618896
137 0.39886921644210815 0.9120463728904724
138 0.3906780779361725 0.9199428558349609
139 0.39257729053497314 0.9196908473968506
140 0.39581507444381714 0.9140625
141 0.39233168959617615 0.9196908473968506
142 0.3947177529335022 0.9161626100540161
143 0.3960458040237427 0.9150705933570862
144 0.39619842171669006 0.9152385592460632
145 0.39650511741638184 0.9143145084381104
146 0.3964492976665497 0.9140625
147 0.3925350606441498 0.9180107712745667
148 0.3912738263607025 0.9192708134651184
149 0.39212286472320557 0.9175907373428345
150 0.39082425832748413 0.9205309152603149
151 0.39669734239578247 0.9143984913825989
152 0.39430680871009827 0.9142305254936218
153 0.3939626216888428 0.9172546863555908
154 0.39686816930770874 0.9137264490127563
155 0.39210501313209534 0.9179267287254333
156 0.38961726427078247 0.9219589829444885
157 0.3959757387638092 0.9150705933570862
158 0.3900037407875061 0.921286940574646
159 0.39111295342445374 0.9199428558349609
160 0.39361771941185 0.9162466526031494
161 0.3917815089225769 0.918262779712677
162 0.3942582309246063 0.9160786271095276
163 0.38856810331344604 0.9220430254936218
164 0.39068296551704407 0.9206148982048035
165 0.393787682056427 0.9175066947937012
166 0.39264625310897827 0.9188507795333862
167 0.3942982256412506 0.9155746102333069
168 0.38966992497444153 0.921118974685669
169 0.3938923180103302 0.9160786271095276
170 0.3934597671031952 0.9170867204666138
171 0.3903225362300873 0.9220430254936218
172 0.3906289041042328 0.9201108813285828
173 0.39131882786750793 0.9187667965888977
174 0.3887644410133362 0.9228830933570862
175 0.39074379205703735 0.9202789068222046
176 0.3925366997718811 0.9183467626571655
177 0.38999253511428833 0.9199428558349609
178 0.39298173785209656 0.9180107712745667
179 0.39270415902137756 0.9165826439857483
180 0.3901394307613373 0.9206148982048035
181 0.38909652829170227 0.921875
182 0.39161115884780884 0.9181787371635437
183 0.3947316110134125 0.9155746102333069
184 0.3907680809497833 0.9201948642730713
185 0.39011913537979126 0.9210349321365356
186 0.3928769826889038 0.9174227118492126
187 0.39450323581695557 0.9164146780967712
188 0.39386531710624695 0.9172546863555908
189 0.39501240849494934 0.9164146780967712
190 0.3927716016769409 0.9174227118492126
