0 0.42747968435287476 0.8824764490127563
1 0.4232543110847473 0.8844926357269287
2 0.42230889201164246 0.8859207034111023
3 0.42077627778053284 0.8878528475761414
4 0.4246431887149811 0.8813844323158264
5 0.42461878061294556 0.8836525678634644
6 0.4213729798793793 0.886424720287323
7 0.4156206548213959 0.8926411271095276
8 0.4183889329433441 0.890625
9 0.42439600825309753 0.8834845423698425
10 0.4207899868488312 0.8875167965888977
11 0.4250583350658417 0.8834845423698425
12 0.4257863759994507 0.8799563050270081
13 0.4226342737674713 0.8839045763015747
14 0.4175419509410858 0.8887768983840942
15 0.42217692732810974 0.8849126100540161
16 0.42035362124443054 0.8855846524238586
17 0.42697417736053467 0.8789482712745667
18 0.42349448800086975 0.8827285170555115
19 0.423831969499588 0.882224440574646
20 0.4188275933265686 0.8887768983840942
21 0.42478716373443604 0.8823924660682678
22 0.42132025957107544 0.8855846524238586
23 0.41973286867141724 0.8891128897666931
24 0.4172799289226532 0.8897849321365356
25 0.4184316396713257 0.8894489407539368
26 0.4207126796245575 0.886424720287323
27 0.4203161895275116 0.886424720287323
28 0.4175736606121063 0.8899529576301575
29 0.4178723096847534 0.8909609913825989
30 0.4194886386394501 0.8895329236984253
31 0.4263010621070862 0.8824764490127563
32 0.4188600480556488 0.8893648982048035
33 0.41983047127723694 0.8875167965888977
34 0.42159050703048706 0.8843246102333069
35 0.41994553804397583 0.8872647881507874
36 0.4188361167907715 0.8875167965888977
37 0.42195793986320496 0.8858367204666138
38 0.4220242202281952 0.8867607712745667
39 0.41958916187286377 0.8881048560142517
40 0.4196680188179016 0.8879368305206299
41 0.4151059687137604 0.8923051357269287
42 0.41655415296554565 0.8915490508079529
43 0.4184311032295227 0.8904569745063782
44 0.41953516006469727 0.8888608813285828
45 0.4218374192714691 0.8862566947937012
46 0.4196068048477173 0.8873487710952759
47 0.41425347328186035 0.8930611610412598
48 0.4150269329547882 0.8919690847396851
49 0.4208558201789856 0.8857526779174805
50 0.4165152609348297 0.8917170763015747
51 0.41808897256851196 0.8895329236984253
52 0.4160962402820587 0.8923891186714172
53 0.417856365442276 0.889868974685669
54 0.41856715083122253 0.8883568644523621
55 0.4214540421962738 0.8844926357269287
56 0.41520965099334717 0.8925571441650391
57 0.41705673933029175 0.8910450339317322
58 0.4178343713283539 0.8894489407539368
59 0.4145830571651459 0.8944052457809448
60 0.41271254420280457 0.8969253897666931
61 0.42137789726257324 0.8866767287254333
62 0.41397473216056824 0.8954132795333862
63 0.41718748211860657 0.891213059425354
64 0.4158572256565094 0.8939012289047241
65 0.4198135435581207 0.8885248899459839
66 0.412919819355011 0.894825279712677
67 0.4174327254295349 0.8920530676841736
68 0.4173799753189087 0.8910450339317322
69 0.41559842228889465 0.8938171863555908
70 0.41887548565864563 0.8884408473968506
71 0.42076361179351807 0.886424720287323
72 0.4115792512893677 0.8965893983840942
73 0.41425392031669617 0.8946572542190552
74 0.41971465945243835 0.8886928558349609
75 0.42083948850631714 0.8861727118492126
76 0.4152719974517822 0.8924731016159058
77 0.41453680396080017 0.8926411271095276
78 0.4120740294456482 0.8965893983840942
79 0.41518425941467285 0.8922210931777954
80 0.41442716121673584 0.8933971524238586
81 0.41423332691192627 0.8949092626571655
82 0.41627129912376404 0.8922210931777954
83 0.4193230867385864 0.8887768983840942
84 0.4168080985546112 0.8930611610412598
85 0.41486191749572754 0.8940691947937012
86 0.42048534750938416 0.8874328136444092
87 0.41455575823783875 0.8943212628364563
88 0.41667014360427856 0.8934811949729919
89 0.4198734760284424 0.8874328136444092
90 0.4150152802467346 0.8933131694793701
91 0.4089975953102112 0.9000335931777954
92 0.41849181056022644 0.8899529576301575
93 0.4122218191623688 0.8964213728904724
94 0.4174460470676422 0.8905410170555115
95 0.4176604151725769 0.8916330933570862
96 0.4135991632938385 0.8947412371635437
97 0.41479647159576416 0.8937332034111023
98 0.4196377396583557 0.8878528475761414
99 0.41568994522094727 0.8929771780967712
100 0.4137749969959259 0.8944892287254333
101 0.413936048746109 0.8945732712745667
102 0.4175947308540344 0.891381025314331
103 0.41749757528305054 0.891381025314331
104 0.4181980490684509 0.8912970423698425
105 0.4126955568790436 0.8943212628364563
106 0.4136950969696045 0.8943212628364563
107 0.41604340076446533 0.8918010592460632
108 0.4173789918422699 0.8892809152603149
109 0.41276973485946655 0.8955813050270081
110 0.4107169210910797 0.8989415168762207
111 0.4144279360771179 0.8944892287254333
112 0.4141730070114136 0.8954132795333862
113 0.4105398654937744 0.8980174660682678
114 0.4140056371688843 0.8936492204666138
115 0.4147428572177887 0.8939012289047241
116 0.40994516015052795 0.8988575339317322
117 0.4126424789428711 0.8961693644523621
118 0.41254565119743347 0.8960013389587402
119 0.4193727672100067 0.8876848220825195
120 0.4170474112033844 0.8902889490127563
121 0.4153575003147125 0.8933971524238586
122 0.41645127534866333 0.8903729915618896
123 0.41328930854797363 0.8950772881507874
124 0.4158247113227844 0.8916330933570862
125 0.414029598236084 0.8944892287254333
126 0.41668951511383057 0.8911290168762207
127 0.41122329235076904 0.8960853219032288
128 0.4144425392150879 0.8945732712745667
129 0.41864827275276184 0.8901209831237793
130 0.41625145077705383 0.8910450339317322
131 0.4141615629196167 0.8935651779174805
132 0.41496720910072327 0.8930611610412598
133 0.41198012232780457 0.8956653475761414
134 0.41142404079437256 0.8979334831237793
135 0.41153883934020996 0.8974294066429138
136 0.4121481776237488 0.8957493305206299
137 0.4183899164199829 0.8897849321365356
138 0.4097575843334198 0.9007896780967712
139 0.4131982922554016 0.8962533473968506
140 0.41359296441078186 0.8944892287254333
141 0.4120502769947052 0.8966733813285828
142 0.4151010811328888 0.8937332034111023
143 0.41246482729911804 0.8965893983840942
144 0.41663989424705505 0.8904569745063782
145 0.412710577249527 0.894825279712677
146 0.41507571935653687 0.8929771780967712
147 0.41122183203697205 0.8975134491920471
148 0.40937110781669617 0.899025559425354
149 0.4120766520500183 0.8965893983840942
150 0.4118499457836151 0.8977654576301575
151 0.41741085052490234 0.8915490508079529
152 0.41363611817359924 0.8934811949729919
153 0.4126296043395996 0.8963373899459839
154 0.4162498116493225 0.8922210931777954
155 0.4112914204597473 0.8970934152603149
156 0.4107077121734619 0.8970094323158264
157 0.4140763580799103 0.8949092626571655
158 0.40987637639045715 0.899025559425354
159 0.40716975927352905 0.9017977118492126
160 0.41149020195007324 0.8986055254936218
161 0.4115573465824127 0.8973454236984253
162 0.4104623794555664 0.8984375
163 0.40953609347343445 0.8993615508079529
164 0.4098007380962372 0.8991095423698425
165 0.41311347484588623 0.8954132795333862
166 0.41434618830680847 0.8945732712745667
167 0.412725031375885 0.8950772881507874
168 0.4098621904850006 0.9007896780967712
169 0.4123176336288452 0.8960853219032288
170 0.41228678822517395 0.8965053558349609
171 0.4121689200401306 0.8958333134651184
172 0.4104629158973694 0.8981014490127563
173 0.4086008369922638 0.9008736610412598
174 0.40786129236221313 0.9013776779174805
175 0.412689745426178 0.8957493305206299
176 0.41222596168518066 0.8971773982048035
177 0.41047829389572144 0.8993615508079529
178 0.4124113917350769 0.8949092626571655
179 0.4132719039916992 0.8945732712745667
180 0.4129030406475067 0.8937332034111023
181 0.4112876057624817 0.8977654576301575
182 0.4130019247531891 0.8967573642730713
183 0.4152967035770416 0.894237220287323
184 0.4121515452861786 0.8982694745063782
185 0.41153278946876526 0.8970094323158264
186 0.4136562943458557 0.8954132795333862
187 0.4165215492248535 0.8926411271095276
188 0.4117197096347809 0.8973454236984253
189 0.4152192175388336 0.8937332034111023
190 0.4150333106517792 0.8933131694793701
191 0.41119080781936646 0.8970934152603149
192 0.40944376587867737 0.8992775678634644
193 0.41209858655929565 0.8969253897666931
194 0.40717023611068726 0.9013776779174805
195 0.4099127948284149 0.8996976017951965
196 0.41094356775283813 0.8984375
197 0.4132085144519806 0.8941532373428345
198 0.41292721033096313 0.8952453136444092
199 0.4091624915599823 0.9001176357269287
