0.0 0.691628813744 0.539314508438
1.0 0.688451230526 0.542590737343
2.0 0.65801525116 0.599630355835
3.0 0.646372377872 0.614163279533
4.0 0.640814781189 0.626008093357
5.0 0.644463896751 0.625252008438
6.0 0.637671291828 0.630124330521
7.0 0.62335050106 0.651461720467
8.0 0.609649181366 0.675991237164
9.0 0.606138467789 0.679267466068
10.0 0.585593044758 0.707661271095
11.0 0.573626995087 0.722110211849
12.0 0.55460113287 0.742523491383
13.0 0.534754037857 0.764784932137
14.0 0.512798964977 0.792338728905
15.0 0.492278546095 0.814264118671
16.0 0.484658807516 0.822412610054
17.0 0.47547981143 0.830729186535
18.0 0.467538326979 0.841061830521
19.0 0.46897354722 0.838877677917
20.0 0.45940682292 0.847866237164
21.0 0.457939982414 0.849630355835
22.0 0.453397840261 0.854502677917
23.0 0.447947919369 0.86004704237
24.0 0.451301336288 0.855678737164
25.0 0.444808334112 0.863407254219
26.0 0.444300323725 0.864583313465
27.0 0.443064332008 0.866011440754
28.0 0.43794849515 0.871219754219
29.0 0.440302401781 0.867355525494
30.0 0.439509034157 0.867355525494
31.0 0.439978271723 0.867775559425
32.0 0.436753720045 0.871387779713
33.0 0.439564198256 0.868447601795
34.0 0.437985241413 0.871471762657
35.0 0.437537282705 0.871555805206
36.0 0.435816407204 0.872731864452
37.0 0.436741739511 0.873151898384
38.0 0.434451937675 0.874243974686
39.0 0.431439399719 0.876932144165
40.0 0.432142615318 0.87567204237
41.0 0.426385462284 0.883400559425
42.0 0.428200513124 0.880040347576
43.0 0.428797066212 0.880460321903
44.0 0.430883795023 0.878360211849
45.0 0.431564152241 0.879032254219
46.0 0.43144005537 0.877688169479
47.0 0.427311390638 0.88146841526
48.0 0.424382567406 0.884744644165
49.0 0.42863368988 0.878864228725
50.0 0.426524370909 0.882224440575
51.0 0.427836626768 0.880628347397
52.0 0.424456983805 0.883736550808
53.0 0.42557528615 0.881804406643
54.0 0.428935348988 0.878276228905
55.0 0.430501252413 0.877604186535
56.0 0.429779827595 0.877100110054
57.0 0.425306379795 0.882308483124
58.0 0.423185497522 0.885836720467
59.0 0.425806313753 0.883148491383
60.0 0.420510947704 0.887264788151
61.0 0.425224751234 0.882056474686
62.0 0.422032892704 0.885668694973
63.0 0.422772556543 0.883064508438
64.0 0.42524138093 0.881636440754
65.0 0.425231963396 0.882896482944
66.0 0.417649954557 0.890036940575
67.0 0.423369914293 0.884408593178
68.0 0.42031404376 0.887012779713
69.0 0.419079124928 0.889532923698
70.0 0.424275130033 0.883400559425
71.0 0.420518636703 0.887096762657
72.0 0.418303817511 0.889364898205
73.0 0.420161664486 0.887516796589
74.0 0.419115334749 0.888440847397
75.0 0.421890497208 0.885416686535
76.0 0.416394710541 0.890372991562
77.0 0.4171436131 0.890793025494
78.0 0.415355473757 0.892305135727
79.0 0.418457597494 0.888524889946
80.0 0.416861414909 0.891549050808
81.0 0.417255103588 0.890625
82.0 0.419105321169 0.88860887289
83.0 0.417338490486 0.892053067684
84.0 0.416088610888 0.892053067684
85.0 0.41946169734 0.888020813465
86.0 0.414675831795 0.893565177917
87.0 0.418165922165 0.88995295763
88.0 0.425429970026 0.881972432137
89.0 0.42004725337 0.890120983124
90.0 0.416119605303 0.893313169479
91.0 0.412698924541 0.89642137289
92.0 0.422777146101 0.885248661041
93.0 0.413224756718 0.894489228725
94.0 0.417434811592 0.890960991383
95.0 0.418000817299 0.889112889767
96.0 0.412236899137 0.896505355835
97.0 0.415153592825 0.893817186356
98.0 0.4191442132 0.889112889767
99.0 0.416201323271 0.891801059246
100.0 0.412747442722 0.894321262836
101.0 0.416496366262 0.892473101616
102.0 0.414749890566 0.893985211849
103.0 0.412841826677 0.89642137289
104.0 0.416195034981 0.892137110233
105.0 0.458406537771 0.856686830521
106.0 0.469995260239 0.834425389767
107.0 0.45183083415 0.861475110054
108.0 0.499671727419 0.853074610233
109.0 0.489681661129 0.869707643986
110.0 0.434559613466 0.88146841526
111.0 0.438879370689 0.870043694973
112.0 0.426886439323 0.882560491562
113.0 0.418942332268 0.890877008438
114.0 0.420809417963 0.889448940754
115.0 0.423346459866 0.886508762836
116.0 0.415982693434 0.893565177917
117.0 0.417439132929 0.892893135548
118.0 0.416857928038 0.893061161041
119.0 0.418473929167 0.89196908474
120.0 0.417322218418 0.891717076302
121.0 0.416708797216 0.893229186535
122.0 0.415193855762 0.893481194973
123.0 0.415868788958 0.892137110233
124.0 0.416563779116 0.892977178097
125.0 0.414899796247 0.894657254219
126.0 0.41689696908 0.892221093178
127.0 0.409837812185 0.899697601795
128.0 0.416585177183 0.892809152603
129.0 0.418214768171 0.890120983124
130.0 0.417979985476 0.891381025314
131.0 0.418496608734 0.891801059246
132.0 0.417899549007 0.889700949192
133.0 0.409208357334 0.901461720467
134.0 0.417077094316 0.891045033932
135.0 0.411042362452 0.898017466068
136.0 0.413677990437 0.893817186356
137.0 0.417730599642 0.889784932137
138.0 0.409288108349 0.900957643986
139.0 0.414375126362 0.895077288151
140.0 0.418282330036 0.889448940754
141.0 0.40884333849 0.90045362711
142.0 0.411779910326 0.896757364273
143.0 0.413875937462 0.895329296589
144.0 0.412678301334 0.896757364273
145.0 0.414232850075 0.894573271275
146.0 0.415748298168 0.892977178097
147.0 0.413597077131 0.895413279533
148.0 0.409250736237 0.89978158474
149.0 0.412343591452 0.895413279533
150.0 0.411073833704 0.896925389767
151.0 0.416267484426 0.890708982944
152.0 0.411516487598 0.897261440754
153.0 0.409823149443 0.900285601616
154.0 0.411092579365 0.899445593357
155.0 0.409275472164 0.900705635548
156.0 0.409173697233 0.901125669479
157.0 0.41653880477 0.890708982944
158.0 0.409519821405 0.899277567863
159.0 0.409511595964 0.899193525314
160.0 0.412529200315 0.896169364452
161.0 0.411854803562 0.896169364452
162.0 0.411014020443 0.896925389767
163.0 0.409371316433 0.89978158474
164.0 0.407711982727 0.901209652424
165.0 0.411709666252 0.895749330521
166.0 0.412227094173 0.895581305027
167.0 0.412603884935 0.895749330521
168.0 0.410654813051 0.898689508438
169.0 0.409215211868 0.89978158474
170.0 0.405924737453 0.903561830521
171.0 0.408653557301 0.89910954237
172.0 0.407867103815 0.900285601616
173.0 0.40753698349 0.90045362711
174.0 0.406681150198 0.901041686535
175.0 0.412643998861 0.894993305206
176.0 0.410355806351 0.898773491383
177.0 0.407372713089 0.901629686356
178.0 0.411908209324 0.897009432316
179.0 0.410413235426 0.89910954237
180.0 0.406242400408 0.902973771095
181.0 0.404660820961 0.905661940575
182.0 0.411067634821 0.897849440575
183.0 0.410821020603 0.897009432316
184.0 0.409832954407 0.898689508438
185.0 0.408247053623 0.900117635727
186.0 0.410702943802 0.898605525494
187.0 0.412244290113 0.894153237343
188.0 0.41060346365 0.898101449013
189.0 0.413153409958 0.893229186535
190.0 0.408216565847 0.900117635727
191.0 0.405344247818 0.902301728725
192.0 0.409796893597 0.89910954237
193.0 0.411222308874 0.896841406822
194.0 0.407308667898 0.899529576302
195.0 0.408503323793 0.899697601795
196.0 0.407810032368 0.901041686535
197.0 0.412225365639 0.897177398205
198.0 0.404275387526 0.906838059425
199.0 0.405443131924 0.903981864452
200.0 0.411665022373 0.895833313465
201.0 0.409236550331 0.899865567684
202.0 0.404064267874 0.904569864273
203.0 0.408273875713 0.899529576302
204.0 0.409927129745 0.89776545763
205.0 0.412892788649 0.894909262657
206.0 0.40535864234 0.902469754219
207.0 0.403594136238 0.905997991562
208.0 0.404842197895 0.90423387289
209.0 0.41084498167 0.896673381329
210.0 0.408396333456 0.900873661041
211.0 0.407800197601 0.902217745781
212.0 0.408739387989 0.89978158474
213.0 0.408763557673 0.900201618671
214.0 0.404537290335 0.904317855835
215.0 0.404949218035 0.904737889767
216.0 0.406137049198 0.901797711849
217.0 0.406477361917 0.902301728725
218.0 0.408969908953 0.8984375
219.0 0.411645531654 0.897261440754
220.0 0.40439376235 0.905745983124
221.0 0.411543488503 0.898185491562
222.0 0.40776976943 0.901125669479
223.0 0.406493157148 0.900117635727
224.0 0.404006421566 0.905325949192
225.0 0.4058791399 0.901881694794
226.0 0.40643543005 0.902553737164
227.0 0.407472878695 0.902805805206
228.0 0.402759790421 0.905829966068
229.0 0.405131667852 0.902721762657
230.0 0.405381560326 0.903057813644
231.0 0.407358795404 0.902469754219
232.0 0.405831664801 0.903729856014
233.0 0.405501753092 0.904569864273
234.0 0.406414568424 0.901041686535
235.0 0.405043035746 0.903981864452
236.0 0.403283268213 0.906418025494
237.0 0.407084465027 0.902133762836
238.0 0.407458931208 0.900117635727
239.0 0.404847681522 0.903561830521
240.0 0.403038918972 0.906166017056
241.0 0.402565836906 0.905913949013
242.0 0.401780515909 0.906502008438
243.0 0.405000001192 0.903645813465
244.0 0.407688498497 0.902049720287
245.0 0.4056879282 0.902637779713
246.0 0.40345710516 0.905325949192
247.0 0.40324229002 0.906670033932
248.0 0.403770685196 0.905745983124
249.0 0.406184256077 0.902721762657
250.0 0.402769774199 0.904821932316
251.0 0.403487622738 0.905409932137
252.0 0.403176218271 0.906754016876
253.0 0.405079215765 0.903897821903
254.0 0.407222539186 0.901881694794
255.0 0.406307041645 0.903141796589
256.0 0.403325647116 0.90557795763
257.0 0.404788792133 0.905073940754
258.0 0.401278883219 0.908350110054
259.0 0.405384689569 0.903645813465
260.0 0.401072055101 0.908770143986
261.0 0.405322372913 0.903981864452
262.0 0.401914566755 0.90692204237
263.0 0.400781542063 0.908182144165
264.0 0.403472870588 0.90490591526
265.0 0.404570579529 0.904569864273
266.0 0.397254914045 0.910702288151
267.0 0.404506593943 0.903981864452
268.0 0.403593987226 0.905829966068
269.0 0.399750828743 0.908770143986
270.0 0.405222207308 0.902889788151
271.0 0.402973592281 0.905661940575
272.0 0.400469005108 0.908770143986
273.0 0.40216293931 0.907426059246
274.0 0.403194755316 0.905409932137
275.0 0.404265910387 0.905913949013
276.0 0.398323744535 0.911458313465
277.0 0.401895582676 0.908014118671
278.0 0.399712026119 0.909946262836
279.0 0.40086761117 0.907342076302
280.0 0.40157610178 0.909190177917
281.0 0.402283132076 0.907846093178
282.0 0.403144717216 0.905409932137
283.0 0.404042959213 0.906166017056
284.0 0.402311474085 0.907174050808
285.0 0.401075214148 0.909022152424
286.0 0.400811731815 0.908434152603
287.0 0.400419265032 0.908602178097
288.0 0.402540773153 0.907006025314
289.0 0.404720932245 0.904653906822
290.0 0.39955213666 0.909778237343
291.0 0.398406773806 0.91204637289
292.0 0.405439645052 0.905073940754
293.0 0.39900252223 0.910786271095
294.0 0.403291523457 0.905493974686
295.0 0.404246926308 0.904737889767
296.0 0.397276669741 0.91339045763
297.0 0.399964898825 0.911290347576
298.0 0.406830072403 0.900033593178
299.0 0.400954574347 0.909106194973
300.0 0.398639917374 0.910534262657
301.0 0.401399254799 0.907258093357
302.0 0.399761974812 0.910198271275
303.0 0.397527962923 0.911626338959
304.0 0.40166297555 0.907846093178
305.0 0.402057886124 0.905829966068
306.0 0.403600096703 0.905073940754
307.0 0.402923583984 0.905325949192
308.0 0.402290761471 0.907426059246
309.0 0.40261092782 0.905745983124
310.0 0.403347373009 0.905409932137
311.0 0.400119423866 0.909190177917
312.0 0.405704528093 0.903477847576
313.0 0.398973971605 0.911290347576
314.0 0.401192158461 0.908434152603
315.0 0.404661536217 0.902973771095
316.0 0.399948775768 0.908098101616
317.0 0.402937889099 0.905913949013
318.0 0.399817079306 0.909694194794
319.0 0.402315497398 0.906418025494
320.0 0.401705473661 0.907846093178
321.0 0.40002655983 0.909862220287
322.0 0.398585110903 0.912634432316
323.0 0.402287483215 0.906670033932
324.0 0.402835309505 0.905745983124
325.0 0.3988070786 0.911038279533
326.0 0.399260789156 0.909694194794
327.0 0.39594206214 0.913306474686
328.0 0.400284051895 0.909106194973
329.0 0.401884257793 0.908350110054
330.0 0.40279853344 0.905073940754
331.0 0.401852011681 0.908350110054
332.0 0.400675863028 0.909358203411
333.0 0.394250035286 0.915574610233
334.0 0.398959249258 0.909946262836
335.0 0.395950734615 0.913474440575
336.0 0.397991538048 0.911542356014
337.0 0.401919007301 0.907006025314
338.0 0.397861719131 0.912466406822
339.0 0.400604695082 0.909526228905
340.0 0.402584522963 0.906585991383
341.0 0.39529928565 0.914398491383
342.0 0.39791610837 0.911458313465
343.0 0.398748666048 0.911122322083
344.0 0.39861318469 0.911290347576
345.0 0.399405568838 0.908854186535
346.0 0.40003272891 0.909022152424
347.0 0.399373501539 0.909442186356
348.0 0.397824734449 0.910030245781
349.0 0.396615594625 0.912382364273
350.0 0.397025644779 0.912298381329
351.0 0.401282697916 0.909022152424
352.0 0.397971481085 0.911290347576
353.0 0.395210415125 0.915070593357
354.0 0.396296143532 0.91473454237
355.0 0.395752906799 0.914818525314
356.0 0.395937711 0.913894474506
357.0 0.401634246111 0.907090067863
358.0 0.39480984211 0.915742635727
359.0 0.396538734436 0.913222432137
360.0 0.398275464773 0.911710321903
361.0 0.397172540426 0.912298381329
362.0 0.399610579014 0.910198271275
363.0 0.396653652191 0.91339045763
364.0 0.393776357174 0.917506694794
365.0 0.398228913546 0.911122322083
366.0 0.399293392897 0.910534262657
367.0 0.39901599288 0.911542356014
368.0 0.397315740585 0.912802398205
369.0 0.394717723131 0.914902567863
370.0 0.393673300743 0.915154576302
371.0 0.396473795176 0.913558483124
372.0 0.394903928041 0.915574610233
373.0 0.394720137119 0.914986550808
374.0 0.394301533699 0.913894474506
375.0 0.397994011641 0.910786271095
376.0 0.398081660271 0.911458313465
377.0 0.396214216948 0.914398491383
378.0 0.399541944265 0.909946262836
379.0 0.398509770632 0.911542356014
380.0 0.394328117371 0.915574610233
381.0 0.392663240433 0.917506694794
382.0 0.397423863411 0.913474440575
383.0 0.399402648211 0.910030245781
384.0 0.397204995155 0.911962389946
385.0 0.396223545074 0.913558483124
386.0 0.398059338331 0.911206305027
387.0 0.400325089693 0.908770143986
388.0 0.399453163147 0.909694194794
389.0 0.400641053915 0.908602178097
390.0 0.39578974247 0.913894474506
391.0 0.391434937716 0.918262779713
392.0 0.396540164948 0.913138449192
393.0 0.397595882416 0.913558483124
394.0 0.394529759884 0.916498661041
395.0 0.39565372467 0.915154576302
396.0 0.394645035267 0.914818525314
397.0 0.398839443922 0.910870313644
398.0 0.393784224987 0.916498661041
399.0 0.392207801342 0.918934822083
400.0 0.397200882435 0.911962389946
401.0 0.396279603243 0.913642466068
402.0 0.391187041998 0.919354856014
403.0 0.394890457392 0.916162610054
404.0 0.396563500166 0.913054406643
405.0 0.399675607681 0.909862220287
406.0 0.393278360367 0.917422711849
407.0 0.390786617994 0.920278906822
408.0 0.392683267593 0.917338728905
409.0 0.397959917784 0.911962389946
410.0 0.395374447107 0.91540658474
411.0 0.395297914743 0.915910601616
412.0 0.39635437727 0.914902567863
413.0 0.396243304014 0.912298381329
414.0 0.391762346029 0.919438838959
415.0 0.392720490694 0.918598771095
416.0 0.391789704561 0.918262779713
417.0 0.395846903324 0.914986550808
418.0 0.399251997471 0.911794364452
419.0 0.399654269218 0.910282254219
420.0 0.393217802048 0.916834652424
421.0 0.39985960722 0.909610211849
422.0 0.396088212729 0.913978517056
423.0 0.394664466381 0.915238559246
424.0 0.392931044102 0.917254686356
425.0 0.393265545368 0.917170703411
426.0 0.395903676748 0.91473454237
427.0 0.396351695061 0.914482533932
428.0 0.39264562726 0.916330635548
429.0 0.394478946924 0.916330635548
430.0 0.394989550114 0.915070593357
431.0 0.39766189456 0.912298381329
432.0 0.394255280495 0.916498661041
433.0 0.394345968962 0.916498661041
434.0 0.394554227591 0.914986550808
435.0 0.393475204706 0.916246652603
436.0 0.394037425518 0.917086720467
437.0 0.394641667604 0.914818525314
438.0 0.395859926939 0.913810491562
439.0 0.392496198416 0.917758762836
440.0 0.390397846699 0.91985887289
441.0 0.39056634903 0.919774889946
442.0 0.391331076622 0.918178737164
443.0 0.395379424095 0.914566516876
444.0 0.397617310286 0.911962389946
445.0 0.393359601498 0.916330635548
446.0 0.392741501331 0.917674720287
447.0 0.391246378422 0.919102847576
448.0 0.390630483627 0.919690847397
449.0 0.394702494144 0.914902567863
450.0 0.390851676464 0.920362889767
451.0 0.391971558332 0.918598771095
452.0 0.391147047281 0.919102847576
453.0 0.39312016964 0.917002677917
454.0 0.396149545908 0.914650559425
455.0 0.393284380436 0.918598771095
456.0 0.391547381878 0.919942855835
457.0 0.393764406443 0.916414678097
458.0 0.390458315611 0.920110881329
459.0 0.394375532866 0.915322601795
460.0 0.391460865736 0.919438838959
461.0 0.395124346018 0.915154576302
462.0 0.391519725323 0.919102847576
463.0 0.390556335449 0.920278906822
464.0 0.393290281296 0.917170703411
465.0 0.393841683865 0.917758762836
466.0 0.386717259884 0.923303067684
467.0 0.392099022865 0.917842745781
468.0 0.391701281071 0.918934822083
469.0 0.386643946171 0.924059152603
470.0 0.392904371023 0.918598771095
471.0 0.389394849539 0.921791017056
472.0 0.390214681625 0.919354856014
473.0 0.388893961906 0.921706974506
474.0 0.391166567802 0.920026898384
475.0 0.390578895807 0.921034932137
476.0 0.387266218662 0.92321908474
477.0 0.391092896461 0.920698940754
478.0 0.389456182718 0.92120295763
479.0 0.388942420483 0.922295033932
480.0 0.389524072409 0.921875
481.0 0.391837507486 0.919018805027
482.0 0.391863435507 0.918094754219
483.0 0.394771903753 0.915742635727
484.0 0.390048444271 0.921370983124
485.0 0.388972252607 0.923387110233
486.0 0.387865662575 0.92321908474
487.0 0.388149410486 0.923723101616
488.0 0.389972388744 0.921034932137
489.0 0.392367124557 0.918850779533
490.0 0.386463493109 0.924899220467
491.0 0.384970128536 0.927251338959
492.0 0.393434554338 0.918094754219
493.0 0.386793076992 0.92389112711
494.0 0.390192657709 0.91985887289
495.0 0.390957891941 0.920446932316
496.0 0.383957803249 0.928931474686
497.0 0.386297166348 0.925571262836
498.0 0.391665309668 0.919522821903
499.0 0.386726886034 0.924983203411
500.0 0.385457634926 0.926327288151
