0.0 0.696903824806 0.517305135727
1.0 0.699046373367 0.498823910952
2.0 0.699563860893 0.504452288151
3.0 0.702761888504 0.509912610054
4.0 0.707308292389 0.507308483124
5.0 0.684584736824 0.560399889946
6.0 0.6648889184 0.600470423698
7.0 0.654662072659 0.621639788151
8.0 0.627418935299 0.659358203411
9.0 0.612719655037 0.677923381329
10.0 0.583574533463 0.712617635727
11.0 0.568112015724 0.727402567863
12.0 0.552986860275 0.748151898384
13.0 0.536210596561 0.765877008438
14.0 0.534316301346 0.765120983124
15.0 0.522402465343 0.778477847576
16.0 0.523755013943 0.777049720287
17.0 0.513389766216 0.789482533932
18.0 0.507368862629 0.792674720287
19.0 0.509539604187 0.791330635548
20.0 0.5095667243 0.792926728725
21.0 0.500816822052 0.800571262836
22.0 0.497096180916 0.806199610233
23.0 0.502260148525 0.799731194973
24.0 0.494972229004 0.80670362711
25.0 0.494539231062 0.809223771095
26.0 0.492680549622 0.809475779533
27.0 0.486730396748 0.816448271275
28.0 0.48920789361 0.8125
29.0 0.489146888256 0.812331974506
30.0 0.486273735762 0.816196262836
31.0 0.493198275566 0.808467745781
32.0 0.486930310726 0.815440177917
33.0 0.489409059286 0.812752008438
34.0 0.489085316658 0.811659932137
35.0 0.482903301716 0.821488559246
36.0 0.486474424601 0.815860211849
37.0 0.483404576778 0.819556474686
38.0 0.475951313972 0.830309152603
39.0 0.485137522221 0.817036271095
40.0 0.476462364197 0.824932813644
41.0 0.478083372116 0.825772821903
42.0 0.480653524399 0.824932813644
43.0 0.47583463788 0.826024889946
44.0 0.473335921764 0.830981194973
45.0 0.476065427065 0.826276898384
46.0 0.47614005208 0.828881025314
47.0 0.47413417697 0.829217076302
48.0 0.46855700016 0.836021482944
49.0 0.470982283354 0.834257364273
50.0 0.468677073717 0.836945593357
51.0 0.470353841782 0.833753347397
52.0 0.470694720745 0.833333313465
53.0 0.47257232666 0.832745313644
54.0 0.473855495453 0.829049050808
55.0 0.47695595026 0.82678091526
56.0 0.47080129385 0.833837389946
57.0 0.471024572849 0.832829296589
58.0 0.475037038326 0.830477178097
59.0 0.471639692783 0.833585321903
60.0 0.474769234657 0.827536940575
61.0 0.470290243626 0.834509432316
62.0 0.466847956181 0.838793694973
63.0 0.467185139656 0.836945593357
64.0 0.469827353954 0.833753347397
65.0 0.469408214092 0.832745313644
66.0 0.466148793697 0.837113559246
67.0 0.472825527191 0.831233203411
68.0 0.470372974873 0.834509432316
69.0 0.471461743116 0.832493305206
70.0 0.467466622591 0.836441516876
71.0 0.468369185925 0.835601449013
72.0 0.468460947275 0.834761440754
73.0 0.464052557945 0.839969754219
74.0 0.468547493219 0.836693525314
75.0 0.467208117247 0.83728158474
76.0 0.464005082846 0.842573940754
77.0 0.463694691658 0.841229856014
78.0 0.46529173851 0.839633762836
79.0 0.46332898736 0.842993974686
80.0 0.463021874428 0.840053737164
81.0 0.468351781368 0.835769474506
82.0 0.46687412262 0.838121652603
83.0 0.461124002934 0.845430135727
84.0 0.462760597467 0.842657923698
85.0 0.461631268263 0.843666017056
86.0 0.463715881109 0.839969754219
87.0 0.463116705418 0.841901898384
88.0 0.46644076705 0.837113559246
89.0 0.460659474134 0.845598101616
90.0 0.462509989738 0.840977847576
91.0 0.463833272457 0.839801728725
92.0 0.4655379951 0.839885771275
93.0 0.458611607552 0.845178067684
94.0 0.459458231926 0.84509408474
95.0 0.462608426809 0.839969754219
96.0 0.459461033344 0.847026228905
97.0 0.461374044418 0.842741906643
98.0 0.463466435671 0.841565847397
99.0 0.453586339951 0.851814508438
100.0 0.461304217577 0.841481864452
101.0 0.460192203522 0.844842076302
102.0 0.459438890219 0.845682144165
103.0 0.459004729986 0.844506025314
104.0 0.456584095955 0.845934152603
105.0 0.462662756443 0.841817855835
106.0 0.459115087986 0.845178067684
107.0 0.462397217751 0.843329966068
108.0 0.463595688343 0.840053737164
109.0 0.454438120127 0.852486550808
110.0 0.462860524654 0.844085991383
111.0 0.45931622386 0.844926059246
112.0 0.459130764008 0.843833982944
113.0 0.458916276693 0.846606194973
114.0 0.461461991072 0.844338059425
115.0 0.462263613939 0.841901898384
116.0 0.453175932169 0.849798381329
117.0 0.459222406149 0.847278237343
118.0 0.45909807086 0.845850110054
119.0 0.460929125547 0.843497991562
120.0 0.459938257933 0.847950279713
121.0 0.452616542578 0.852318525314
122.0 0.454949319363 0.851814508438
123.0 0.452875286341 0.85290658474
124.0 0.456692755222 0.847866237164
125.0 0.457066118717 0.849042356014
126.0 0.461004734039 0.84240591526
127.0 0.45658493042 0.847866237164
128.0 0.458769887686 0.845598101616
129.0 0.456824064255 0.847782254219
130.0 0.455298483372 0.848538279533
131.0 0.456331968307 0.847698271275
132.0 0.458055138588 0.845430135727
133.0 0.456672042608 0.848874330521
134.0 0.481379270554 0.821320593357
135.0 0.458236664534 0.847110211849
136.0 0.449651241302 0.856770813465
137.0 0.447924256325 0.857442855835
138.0 0.446348667145 0.86139112711
139.0 0.441629558802 0.864163279533
140.0 0.446314364672 0.859038949013
141.0 0.440114617348 0.864751338959
142.0 0.439570844173 0.866095423698
143.0 0.442631334066 0.865423381329
144.0 0.441380620003 0.862315177917
145.0 0.441557884216 0.864331305027
146.0 0.444803148508 0.861811161041
147.0 0.440703481436 0.863743305206
148.0 0.436228096485 0.870547711849
149.0 0.441861957312 0.861475110054
150.0 0.437184214592 0.870211720467
151.0 0.44280692935 0.863743305206
152.0 0.441432923079 0.865591406822
153.0 0.441652387381 0.864919364452
154.0 0.442301809788 0.861475110054
155.0 0.438473820686 0.869119644165
156.0 0.43867790699 0.86853158474
157.0 0.437170445919 0.868447601795
158.0 0.435303032398 0.871975779533
159.0 0.438102304935 0.868195593357
160.0 0.432966411114 0.874747991562
161.0 0.437963396311 0.866851449013
162.0 0.432376176119 0.875083982944
163.0 0.436954289675 0.870715737343
164.0 0.436087936163 0.871387779713
165.0 0.439445376396 0.866683483124
166.0 0.436350613832 0.870547711849
167.0 0.434084534645 0.873067855835
168.0 0.435489743948 0.872479856014
169.0 0.437955021858 0.868951618671
170.0 0.434559613466 0.872563838959
171.0 0.43840944767 0.86651545763
172.0 0.434643030167 0.873403906822
173.0 0.435823917389 0.871975779533
174.0 0.433443695307 0.87298387289
175.0 0.432808041573 0.87298387289
176.0 0.432076573372 0.873739898205
177.0 0.434779793024 0.871387779713
178.0 0.432717233896 0.875335991383
179.0 0.436085313559 0.870127677917
180.0 0.434980869293 0.872059822083
181.0 0.43581572175 0.868615567684
182.0 0.42993298173 0.878780245781
183.0 0.43309533596 0.872647821903
184.0 0.434820652008 0.870547711849
185.0 0.43001934886 0.87432795763
186.0 0.437286525965 0.868447601795
187.0 0.429894149303 0.878528237343
188.0 0.433257728815 0.874495983124
189.0 0.434209227562 0.872815847397
190.0 0.432180821896 0.874663949013
191.0 0.432780265808 0.87432795763
192.0 0.429408490658 0.878444194794
193.0 0.433966904879 0.873739898205
194.0 0.430882662535 0.877940177917
195.0 0.43623021245 0.869875669479
196.0 0.429888010025 0.876092076302
197.0 0.429523676634 0.877688169479
198.0 0.431812644005 0.876596093178
199.0 0.430790305138 0.876092076302
200.0 0.433664888144 0.871639788151
201.0 0.427236139774 0.879116237164
202.0 0.430865883827 0.876680135727
203.0 0.428626030684 0.877604186535
204.0 0.432814896107 0.874075949192
205.0 0.428998857737 0.878528237343
206.0 0.433628588915 0.872815847397
207.0 0.431654810905 0.874075949192
208.0 0.430726826191 0.876680135727
209.0 0.431707143784 0.875420033932
210.0 0.432276368141 0.873403906822
211.0 0.426441282034 0.879200279713
212.0 0.427218705416 0.878024220467
213.0 0.432701021433 0.873907923698
214.0 0.428500473499 0.880124330521
215.0 0.425540834665 0.881720423698
216.0 0.431422948837 0.875588059425
217.0 0.431596785784 0.874495983124
218.0 0.432508856058 0.875252008438
219.0 0.429193139076 0.877100110054
220.0 0.432339459658 0.872143805027
221.0 0.434096992016 0.870883762836
222.0 0.430266648531 0.877940177917
223.0 0.435077756643 0.872395813465
224.0 0.431958079338 0.874747991562
225.0 0.427425175905 0.88146841526
226.0 0.429669767618 0.876932144165
227.0 0.42995351553 0.878444194794
228.0 0.427709013224 0.878864228725
229.0 0.429840832949 0.876596093178
230.0 0.428988128901 0.877856194973
231.0 0.429090440273 0.876680135727
232.0 0.429885625839 0.876092076302
233.0 0.43143376708 0.875420033932
234.0 0.430639445782 0.875252008438
235.0 0.42890638113 0.877520143986
236.0 0.430795967579 0.877520143986
237.0 0.430150717497 0.87701612711
238.0 0.43002769351 0.876932144165
239.0 0.424995541573 0.881720423698
240.0 0.426171094179 0.881804406643
241.0 0.429620802402 0.875924050808
242.0 0.429334074259 0.875252008438
243.0 0.42960485816 0.878780245781
244.0 0.424684286118 0.883064508438
245.0 0.428972661495 0.878864228725
246.0 0.428500831127 0.876848101616
247.0 0.424541443586 0.883400559425
248.0 0.427238255739 0.877940177917
249.0 0.427772551775 0.879368305206
250.0 0.426842093468 0.880460321903
251.0 0.430735439062 0.875
252.0 0.428648412228 0.878528237343
253.0 0.430817306042 0.875588059425
254.0 0.432087182999 0.873319864273
255.0 0.428863734007 0.87701612711
256.0 0.429056465626 0.879116237164
257.0 0.429445207119 0.87634408474
258.0 0.42783588171 0.879704296589
259.0 0.4300570786 0.876932144165
260.0 0.429227977991 0.877184152603
261.0 0.427597731352 0.878864228725
262.0 0.427113592625 0.880544364452
263.0 0.429149776697 0.878276228905
264.0 0.433057099581 0.872815847397
265.0 0.429351180792 0.877604186535
266.0 0.434717923403 0.873403906822
267.0 0.427179485559 0.879788279533
268.0 0.427365839481 0.881132364273
269.0 0.42604085803 0.882056474686
270.0 0.421966999769 0.884492635727
271.0 0.429354131222 0.878864228725
272.0 0.426898449659 0.88214045763
273.0 0.424054801464 0.88348454237
274.0 0.426752239466 0.879956305027
275.0 0.428759515285 0.878612220287
276.0 0.426785469055 0.880208313465
277.0 0.425430268049 0.881720423698
278.0 0.428228765726 0.878108203411
279.0 0.42575225234 0.879116237164
280.0 0.426707327366 0.880292356014
281.0 0.426320075989 0.879704296589
282.0 0.424013644457 0.883904576302
283.0 0.426961183548 0.880040347576
284.0 0.424254149199 0.883316516876
285.0 0.425887942314 0.880208313465
286.0 0.427904218435 0.878192186356
287.0 0.427679538727 0.879704296589
288.0 0.42557233572 0.881804406643
289.0 0.426799476147 0.88146841526
290.0 0.427740931511 0.878696262836
291.0 0.427723020315 0.878696262836
292.0 0.427516639233 0.878780245781
293.0 0.422603040934 0.886088728905
294.0 0.423780679703 0.885080635548
295.0 0.424802809954 0.8828125
296.0 0.42480880022 0.881300389767
297.0 0.422333598137 0.88482862711
298.0 0.424257218838 0.884072601795
299.0 0.426642626524 0.877604186535
300.0 0.425184488297 0.88079637289
301.0 0.425344884396 0.883232533932
302.0 0.4255387187 0.883148491383
303.0 0.423962920904 0.881636440754
304.0 0.420986264944 0.888104856014
305.0 0.427058666945 0.879368305206
306.0 0.426253736019 0.879788279533
307.0 0.421518266201 0.885164678097
308.0 0.422920972109 0.88482862711
309.0 0.421295076609 0.886172711849
310.0 0.426993578672 0.880628347397
311.0 0.424773752689 0.881804406643
312.0 0.424221992493 0.883736550808
313.0 0.423835992813 0.8828125
314.0 0.424005001783 0.882644474506
315.0 0.425608575344 0.880460321903
316.0 0.423567086458 0.883400559425
317.0 0.422318845987 0.884324610233
318.0 0.427990078926 0.877604186535
319.0 0.424699932337 0.880124330521
320.0 0.425382107496 0.881888449192
321.0 0.429533034563 0.876932144165
322.0 0.425122499466 0.881552398205
323.0 0.427918374538 0.88079637289
324.0 0.424718827009 0.88214045763
325.0 0.4208573699 0.887096762657
326.0 0.427373588085 0.879956305027
327.0 0.423158466816 0.882560491562
328.0 0.424119859934 0.882392466068
329.0 0.421884685755 0.884744644165
330.0 0.424838155508 0.880880355835
331.0 0.425950050354 0.880712389946
332.0 0.42160359025 0.885836720467
333.0 0.422887831926 0.88415658474
334.0 0.424890458584 0.881804406643
335.0 0.425225615501 0.881804406643
336.0 0.425533503294 0.882560491562
337.0 0.421509444714 0.884744644165
338.0 0.420435369015 0.886592745781
339.0 0.420808523893 0.889196932316
340.0 0.421140253544 0.888356864452
341.0 0.421698540449 0.884744644165
342.0 0.419690519571 0.88860887289
343.0 0.413268685341 0.894657254219
344.0 0.417324930429 0.89196908474
345.0 0.419419616461 0.887096762657
346.0 0.418652355671 0.889700949192
347.0 0.423506677151 0.885668694973
348.0 0.423272162676 0.885920703411
349.0 0.420299440622 0.886340737343
350.0 0.416952729225 0.886928737164
351.0 0.417971372604 0.891465067863
352.0 0.419770777225 0.886424720287
353.0 0.420763254166 0.887516796589
354.0 0.422468990088 0.886508762836
355.0 0.424410820007 0.883064508438
356.0 0.417689949274 0.891465067863
357.0 0.422016650438 0.888272821903
358.0 0.420641869307 0.885836720467
359.0 0.419910639524 0.888188838959
360.0 0.416435152292 0.893397152424
361.0 0.416021734476 0.891129016876
362.0 0.419330716133 0.888020813465
363.0 0.418837308884 0.88860887289
364.0 0.416957855225 0.890877008438
365.0 0.416565686464 0.892221093178
366.0 0.41804420948 0.890793025494
367.0 0.421721428633 0.886592745781
368.0 0.417014241219 0.890625
369.0 0.418091982603 0.890036940575
370.0 0.418601214886 0.890036940575
371.0 0.418393135071 0.889784932137
372.0 0.419581919909 0.888188838959
373.0 0.419018357992 0.889700949192
374.0 0.419759452343 0.888440847397
375.0 0.418553501368 0.890456974506
376.0 0.417359292507 0.890120983124
377.0 0.414184212685 0.895077288151
378.0 0.416413217783 0.89264112711
379.0 0.420072317123 0.889784932137
380.0 0.41798093915 0.890793025494
381.0 0.421552598476 0.884072601795
382.0 0.417723923922 0.89129704237
383.0 0.415657609701 0.892053067684
384.0 0.413940936327 0.895749330521
385.0 0.419299423695 0.889028906822
386.0 0.416332125664 0.893229186535
387.0 0.419631123543 0.889700949192
388.0 0.417248427868 0.890120983124
389.0 0.414644300938 0.895245313644
390.0 0.420264691114 0.887600779533
391.0 0.41829931736 0.889616906643
392.0 0.413559406996 0.893985211849
393.0 0.416983485222 0.891465067863
394.0 0.417646497488 0.890541017056
395.0 0.417490243912 0.89264112711
396.0 0.41587755084 0.892893135548
397.0 0.422143667936 0.885416686535
398.0 0.417408555746 0.890372991562
399.0 0.418082565069 0.890541017056
400.0 0.419071882963 0.887852847576
401.0 0.420689702034 0.88860887289
402.0 0.413646996021 0.894573271275
403.0 0.419217884541 0.889112889767
404.0 0.413648992777 0.896757364273
405.0 0.41555416584 0.892221093178
406.0 0.417332053185 0.891045033932
407.0 0.416936188936 0.892137110233
408.0 0.415527790785 0.893565177917
409.0 0.415961772203 0.891129016876
410.0 0.417976677418 0.888440847397
411.0 0.417749971151 0.891549050808
412.0 0.414131820202 0.893733203411
413.0 0.413167893887 0.896253347397
414.0 0.410146951675 0.899613559246
415.0 0.41583865881 0.890960991383
416.0 0.414084821939 0.894573271275
417.0 0.415320277214 0.894657254219
418.0 0.417504131794 0.891213059425
419.0 0.420449048281 0.888188838959
420.0 0.415909260511 0.891717076302
421.0 0.415044754744 0.893565177917
422.0 0.421494185925 0.885668694973
423.0 0.417052060366 0.890625
424.0 0.42192581296 0.885500669479
425.0 0.419237703085 0.889112889767
426.0 0.416416496038 0.892305135727
427.0 0.411895245314 0.896673381329
428.0 0.422368705273 0.885248661041
429.0 0.413209855556 0.894657254219
430.0 0.418029367924 0.892137110233
431.0 0.417393505573 0.890372991562
432.0 0.414306461811 0.893817186356
433.0 0.414845585823 0.893649220467
434.0 0.418553709984 0.889532923698
435.0 0.419173449278 0.888104856014
436.0 0.414788126945 0.894489228725
437.0 0.416490495205 0.892809152603
438.0 0.417510896921 0.891717076302
439.0 0.41588050127 0.893901228905
440.0 0.418015748262 0.890960991383
441.0 0.410135030746 0.899865567684
442.0 0.413382172585 0.897177398205
443.0 0.414333969355 0.892725110054
444.0 0.418989807367 0.888944864273
445.0 0.41454911232 0.895161271095
446.0 0.412458598614 0.897177398205
447.0 0.41556340456 0.893817186356
448.0 0.415762245655 0.893397152424
449.0 0.413268685341 0.895917356014
450.0 0.414965510368 0.892725110054
451.0 0.416461318731 0.892389118671
452.0 0.41289806366 0.895245313644
453.0 0.418013989925 0.889700949192
454.0 0.413884282112 0.895413279533
455.0 0.419925123453 0.887012779713
456.0 0.41847717762 0.889028906822
457.0 0.417148262262 0.890625
458.0 0.416106432676 0.891633093357
459.0 0.416560947895 0.893397152424
460.0 0.41700720787 0.891213059425
461.0 0.41395932436 0.894489228725
462.0 0.416251778603 0.893817186356
463.0 0.412570744753 0.896085321903
464.0 0.416135191917 0.894405245781
465.0 0.419924139977 0.889448940754
466.0 0.41921800375 0.88860887289
467.0 0.416948258877 0.891549050808
468.0 0.419278800488 0.890120983124
469.0 0.413811802864 0.895245313644
470.0 0.413447886705 0.895329296589
471.0 0.411255985498 0.897513449192
472.0 0.415248453617 0.894153237343
473.0 0.417888462543 0.891465067863
474.0 0.41189005971 0.897345423698
475.0 0.411696404219 0.897597432137
476.0 0.417991966009 0.890456974506
477.0 0.412295728922 0.895833313465
478.0 0.415292650461 0.893481194973
479.0 0.413100749254 0.896337389946
480.0 0.415959149599 0.892221093178
481.0 0.414907157421 0.892725110054
482.0 0.416599720716 0.890625
483.0 0.411940455437 0.896925389767
484.0 0.412602156401 0.896757364273
485.0 0.412666231394 0.895917356014
486.0 0.415343493223 0.893901228905
487.0 0.417188167572 0.889448940754
488.0 0.415580838919 0.89264112711
489.0 0.410800158978 0.898521482944
490.0 0.414916783571 0.894321262836
491.0 0.414999067783 0.894069194794
492.0 0.413677424192 0.894909262657
493.0 0.418595045805 0.888944864273
494.0 0.413595706224 0.894993305206
495.0 0.409186899662 0.90045362711
496.0 0.411649793386 0.899025559425
497.0 0.413083791733 0.896757364273
498.0 0.410836905241 0.89978158474
499.0 0.409730106592 0.900369644165
500.0 0.411920309067 0.89709341526
501.0 0.415079712868 0.893649220467
502.0 0.417070895433 0.890793025494
503.0 0.413217186928 0.895077288151
504.0 0.412316769361 0.896589398384
505.0 0.412514954805 0.896925389767
506.0 0.408227294683 0.902133762836
507.0 0.417244046926 0.890625
508.0 0.412998616695 0.894741237164
509.0 0.410083025694 0.898689508438
510.0 0.412238121033 0.897513449192
511.0 0.412240624428 0.895413279533
512.0 0.415428698063 0.891045033932
513.0 0.41132619977 0.898017466068
514.0 0.41516327858 0.89264112711
515.0 0.415100961924 0.892977178097
516.0 0.410576820374 0.898269474506
517.0 0.411413341761 0.896841406822
518.0 0.413532286882 0.895077288151
519.0 0.415029376745 0.894237220287
520.0 0.413653820753 0.896337389946
521.0 0.414130479097 0.894489228725
522.0 0.414962261915 0.894153237343
523.0 0.418742060661 0.889616906643
524.0 0.413874387741 0.893985211849
525.0 0.415505111217 0.894237220287
526.0 0.41224989295 0.898269474506
527.0 0.410548299551 0.897849440575
528.0 0.414645075798 0.896085321903
529.0 0.413826197386 0.894153237343
530.0 0.409750163555 0.900621652603
531.0 0.412391573191 0.897009432316
532.0 0.41492497921 0.89264112711
533.0 0.414153516293 0.893985211849
534.0 0.410136640072 0.899865567684
535.0 0.411689013243 0.897177398205
536.0 0.414784759283 0.894657254219
537.0 0.410760372877 0.898185491562
538.0 0.409943819046 0.898773491383
539.0 0.409937947989 0.899025559425
540.0 0.409127920866 0.901713728905
541.0 0.411145210266 0.897681474686
542.0 0.410563468933 0.898353517056
543.0 0.401010662317 0.909694194794
544.0 0.408813804388 0.900705635548
545.0 0.408711671829 0.900201618671
546.0 0.408091962337 0.902637779713
547.0 0.41296005249 0.896757364273
548.0 0.41227632761 0.897681474686
549.0 0.410341948271 0.898521482944
550.0 0.407129585743 0.901293694973
551.0 0.406795322895 0.903981864452
552.0 0.408898413181 0.899613559246
553.0 0.409338921309 0.899949610233
554.0 0.412747651339 0.896673381329
555.0 0.415084153414 0.894489228725
556.0 0.406813263893 0.902385771275
557.0 0.412057638168 0.896085321903
558.0 0.409883588552 0.900117635727
559.0 0.40883114934 0.900705635548
560.0 0.406462073326 0.904485881329
561.0 0.405054450035 0.904149889946
562.0 0.407396793365 0.902553737164
563.0 0.406410217285 0.903813838959
564.0 0.407159328461 0.901881694794
565.0 0.405608594418 0.90423387289
566.0 0.407217204571 0.903225779533
567.0 0.411234527826 0.898101449013
568.0 0.405695050955 0.904317855835
569.0 0.407694578171 0.902889788151
570.0 0.406950682402 0.901545703411
571.0 0.406830340624 0.905409932137
572.0 0.407381296158 0.903309822083
573.0 0.408418834209 0.900873661041
574.0 0.410134702921 0.900033593178
575.0 0.407081514597 0.903561830521
576.0 0.407617211342 0.901293694973
577.0 0.40555113554 0.904149889946
578.0 0.40563634038 0.904569864273
579.0 0.408938705921 0.902049720287
580.0 0.407288908958 0.902553737164
581.0 0.411096394062 0.899025559425
582.0 0.406215757132 0.903813838959
583.0 0.405966967344 0.903225779533
584.0 0.404110074043 0.90557795763
585.0 0.40755084157 0.902889788151
586.0 0.406733900309 0.904653906822
587.0 0.407333672047 0.903393805027
588.0 0.408311665058 0.900957643986
589.0 0.404063940048 0.905745983124
590.0 0.410736501217 0.89776545763
591.0 0.408338934183 0.901629686356
592.0 0.40165489912 0.908350110054
593.0 0.407032370567 0.902637779713
594.0 0.40814447403 0.902301728725
595.0 0.406370669603 0.904989898205
596.0 0.405223667622 0.905325949192
597.0 0.413164526224 0.896505355835
598.0 0.407379150391 0.903813838959
599.0 0.408350735903 0.901545703411
600.0 0.407630950212 0.902217745781
601.0 0.409122347832 0.902133762836
602.0 0.403647631407 0.906754016876
603.0 0.410524308681 0.898857533932
604.0 0.403584092855 0.906754016876
605.0 0.404351711273 0.90625
606.0 0.408333063126 0.901125669479
607.0 0.405191361904 0.904989898205
608.0 0.403097838163 0.906670033932
609.0 0.407667636871 0.900621652603
610.0 0.40770304203 0.900957643986
611.0 0.407332152128 0.902553737164
612.0 0.403645515442 0.90759408474
613.0 0.402671813965 0.908854186535
614.0 0.398634880781 0.912970423698
615.0 0.40607637167 0.904065847397
616.0 0.404273539782 0.906754016876
617.0 0.404720455408 0.904821932316
618.0 0.408169329166 0.901881694794
619.0 0.410882025957 0.897681474686
620.0 0.405097424984 0.904317855835
621.0 0.403550416231 0.907174050808
622.0 0.412277758121 0.897009432316
623.0 0.407686859369 0.902721762657
624.0 0.41203263402 0.897513449192
625.0 0.409711122513 0.900369644165
626.0 0.40557217598 0.903393805027
627.0 0.402661442757 0.907006025314
628.0 0.412283748388 0.897933483124
629.0 0.403217315674 0.904569864273
630.0 0.40873453021 0.902049720287
631.0 0.408796906471 0.900873661041
632.0 0.403017789125 0.907174050808
633.0 0.406260699034 0.901881694794
634.0 0.406837761402 0.903393805027
635.0 0.409567475319 0.89910954237
636.0 0.404250025749 0.906502008438
637.0 0.406924694777 0.905073940754
638.0 0.408030480146 0.903141796589
639.0 0.405392706394 0.905325949192
640.0 0.409037321806 0.901965737343
641.0 0.401945382357 0.907762110233
642.0 0.404658079147 0.907510101795
643.0 0.402884662151 0.90759408474
644.0 0.407880932093 0.902385771275
645.0 0.404574066401 0.905157923698
646.0 0.401440232992 0.910030245781
647.0 0.405342400074 0.904653906822
648.0 0.405661672354 0.903981864452
649.0 0.403645902872 0.905661940575
650.0 0.404819130898 0.904821932316
651.0 0.405379027128 0.904821932316
652.0 0.401721656322 0.90759408474
653.0 0.407620638609 0.903393805027
654.0 0.401560902596 0.909526228905
655.0 0.408782839775 0.901797711849
656.0 0.408195495605 0.901209652424
657.0 0.407129764557 0.902973771095
658.0 0.404960870743 0.905157923698
659.0 0.405348420143 0.905409932137
660.0 0.40642747283 0.903309822083
661.0 0.403369694948 0.907174050808
662.0 0.405963480473 0.903225779533
663.0 0.401881098747 0.909358203411
664.0 0.405131757259 0.905241906643
665.0 0.408879548311 0.900369644165
666.0 0.408692479134 0.901713728905
667.0 0.407224684954 0.903477847576
668.0 0.407202810049 0.903225779533
669.0 0.403442054987 0.90625
670.0 0.403291344643 0.906585991383
671.0 0.399586498737 0.911626338959
672.0 0.405599683523 0.904821932316
673.0 0.408350259066 0.901797711849
674.0 0.401885658503 0.908098101616
675.0 0.400757580996 0.909610211849
676.0 0.407088458538 0.903393805027
677.0 0.400519996881 0.909862220287
678.0 0.405874103308 0.904317855835
679.0 0.402387857437 0.909778237343
680.0 0.405398100615 0.904317855835
681.0 0.403386712074 0.906166017056
682.0 0.405926257372 0.903309822083
683.0 0.401913642883 0.908686161041
684.0 0.402314424515 0.906838059425
685.0 0.402034848928 0.907426059246
686.0 0.404043704271 0.905997991562
687.0 0.406236171722 0.903897821903
688.0 0.403334885836 0.906585991383
689.0 0.400358259678 0.910786271095
690.0 0.403355866671 0.907006025314
691.0 0.40244731307 0.907510101795
692.0 0.401875048876 0.907762110233
693.0 0.407151281834 0.901881694794
694.0 0.402968406677 0.906670033932
695.0 0.398672610521 0.912382364273
696.0 0.401709288359 0.910198271275
697.0 0.402989506721 0.907762110233
698.0 0.40049213171 0.910030245781
699.0 0.398651361465 0.91204637289
700.0 0.401183396578 0.909694194794
701.0 0.403123497963 0.907006025314
702.0 0.405916631222 0.904317855835
703.0 0.402224928141 0.909106194973
704.0 0.401143342257 0.909358203411
705.0 0.401847153902 0.909274220467
706.0 0.3978112638 0.91271841526
707.0 0.404751032591 0.90625
708.0 0.4019485116 0.908518135548
709.0 0.398596286774 0.91204637289
710.0 0.401406645775 0.908350110054
711.0 0.399519026279 0.910954296589
712.0 0.403113216162 0.90826612711
713.0 0.398848384619 0.912466406822
714.0 0.405244916677 0.903897821903
715.0 0.404239326715 0.906166017056
716.0 0.398375809193 0.912214398384
717.0 0.399306595325 0.910870313644
718.0 0.401539355516 0.908350110054
719.0 0.403500020504 0.907342076302
720.0 0.401522308588 0.909610211849
721.0 0.402856558561 0.90759408474
722.0 0.40417483449 0.906081974506
723.0 0.405923485756 0.904149889946
724.0 0.403865784407 0.90557795763
725.0 0.403650194407 0.906081974506
726.0 0.401450097561 0.908854186535
727.0 0.399437516928 0.910114228725
728.0 0.403143674135 0.908434152603
729.0 0.401799112558 0.908350110054
730.0 0.39851552248 0.912382364273
731.0 0.400205135345 0.909778237343
732.0 0.403339147568 0.906754016876
733.0 0.404406756163 0.905661940575
734.0 0.39854696393 0.912130355835
735.0 0.399348318577 0.911206305027
736.0 0.402385503054 0.908602178097
737.0 0.398913234472 0.911626338959
738.0 0.398106694221 0.912550389767
739.0 0.39741513133 0.914230525494
740.0 0.3966332376 0.914230525494
741.0 0.398301690817 0.913222432137
742.0 0.397862434387 0.913642466068
743.0 0.391324490309 0.920698940754
744.0 0.397628933191 0.913558483124
745.0 0.397652894258 0.912970423698
746.0 0.396605342627 0.915490567684
747.0 0.401190966368 0.910534262657
748.0 0.401351034641 0.909862220287
749.0 0.398532181978 0.912298381329
750.0 0.394960165024 0.915238559246
751.0 0.394586473703 0.916918694973
752.0 0.396206408739 0.91473454237
753.0 0.396720468998 0.915154576302
754.0 0.401231408119 0.910030245781
755.0 0.401263892651 0.909610211849
756.0 0.39462223649 0.917086720467
757.0 0.398970067501 0.912298381329
758.0 0.39737701416 0.915574610233
759.0 0.396281898022 0.91473454237
760.0 0.393853992224 0.918346762657
761.0 0.392010062933 0.919774889946
762.0 0.39614200592 0.915994644165
763.0 0.394595652819 0.917506694794
764.0 0.395251780748 0.916750669479
765.0 0.394005984068 0.917506694794
766.0 0.394951492548 0.915658593178
767.0 0.39931294322 0.91204637289
768.0 0.39412984252 0.917338728905
769.0 0.394914895296 0.917086720467
770.0 0.391690284014 0.91985887289
771.0 0.392714560032 0.918934822083
772.0 0.393633514643 0.918346762657
773.0 0.395485937595 0.915658593178
774.0 0.396369308233 0.915742635727
775.0 0.394428551197 0.919186830521
776.0 0.39240950346 0.919018805027
777.0 0.391957074404 0.91985887289
778.0 0.392374306917 0.919774889946
779.0 0.396058678627 0.915490567684
780.0 0.396419346333 0.914314508438
781.0 0.396406888962 0.915154576302
782.0 0.392284929752 0.921034932137
783.0 0.39048230648 0.920614898205
784.0 0.388644069433 0.922967076302
785.0 0.391896635294 0.920362889767
786.0 0.391492784023 0.920950949192
