0.0 0.703736186028 0.512348771095
1.0 0.697750210762 0.526377677917
2.0 0.687192082405 0.553511440754
3.0 0.679190099239 0.573924720287
4.0 0.704055428505 0.510416686535
5.0 0.679063737392 0.566952288151
6.0 0.664998888969 0.597194194794
7.0 0.65036803484 0.614919364452
8.0 0.645501852036 0.628948271275
9.0 0.636764347553 0.646169364452
10.0 0.62833738327 0.655325949192
11.0 0.60270524025 0.684391796589
12.0 0.594941496849 0.698000669479
13.0 0.589203715324 0.700772821903
14.0 0.575604319572 0.716565847397
15.0 0.575998425484 0.71673387289
16.0 0.566415369511 0.729166686535
17.0 0.568468868732 0.727990567684
18.0 0.565408170223 0.726478517056
19.0 0.558977901936 0.736979186535
20.0 0.551674008369 0.744791686535
21.0 0.548296630383 0.749579966068
22.0 0.546286284924 0.749579966068
23.0 0.530743062496 0.769657254219
24.0 0.527527868748 0.772849440575
25.0 0.521697461605 0.779737889767
26.0 0.514735996723 0.788474440575
27.0 0.509875953197 0.792506694794
28.0 0.499823570251 0.804099440575
29.0 0.497362494469 0.80670362711
30.0 0.498110890388 0.804855525494
31.0 0.491063505411 0.814432144165
32.0 0.489084303379 0.815860211849
33.0 0.483938276768 0.819976449013
34.0 0.485401839018 0.817960321903
35.0 0.482456952333 0.822916686535
36.0 0.481357991695 0.823504686356
37.0 0.481212615967 0.823084652424
38.0 0.475899487734 0.82678091526
39.0 0.474004894495 0.829049050808
40.0 0.474480956793 0.829301059246
41.0 0.46192625165 0.841817855835
42.0 0.465331017971 0.837785601616
43.0 0.466898560524 0.837113559246
44.0 0.468579769135 0.835685491562
45.0 0.470147371292 0.832661271095
46.0 0.463493794203 0.840557813644
47.0 0.463246494532 0.840641796589
48.0 0.459636777639 0.845514118671
49.0 0.464924842119 0.840305805206
50.0 0.455903291702 0.848454296589
51.0 0.465407431126 0.837869644165
52.0 0.459657073021 0.845514118671
53.0 0.458122044802 0.845262110233
54.0 0.457153737545 0.847278237343
55.0 0.45928889513 0.844506025314
56.0 0.456768602133 0.850134432316
57.0 0.454335421324 0.851142466068
58.0 0.455198764801 0.848034262657
59.0 0.454308778048 0.851814508438
60.0 0.451262235641 0.85223454237
61.0 0.450809121132 0.853410601616
62.0 0.447363197803 0.853914678097
63.0 0.449879050255 0.856854856014
64.0 0.448442965746 0.85803091526
65.0 0.452248156071 0.8515625
66.0 0.448137551546 0.856182813644
67.0 0.449739426374 0.856434822083
68.0 0.446151822805 0.858870983124
69.0 0.445666253567 0.859795033932
70.0 0.446110963821 0.859206974506
71.0 0.450935602188 0.852570593357
72.0 0.442520916462 0.862903237343
73.0 0.446108549833 0.860551059246
74.0 0.445518314838 0.862063169479
75.0 0.446756333113 0.85870295763
76.0 0.440626442432 0.866347432137
77.0 0.443069249392 0.861475110054
78.0 0.442991524935 0.862819194794
79.0 0.44143101573 0.864499330521
80.0 0.440452128649 0.86651545763
81.0 0.440881103277 0.865003347397
82.0 0.443036139011 0.861979186535
83.0 0.443299621344 0.861811161041
84.0 0.443628549576 0.862735211849
85.0 0.441866099834 0.863743305206
86.0 0.443044602871 0.862651228905
87.0 0.443084150553 0.860215067863
88.0 0.445163071156 0.859795033932
89.0 0.443561971188 0.862231194973
90.0 0.438975930214 0.868867635727
91.0 0.434968233109 0.869791686535
92.0 0.442979574203 0.863491237164
93.0 0.432173788548 0.873487889767
94.0 0.439305126667 0.867103517056
95.0 0.441197872162 0.864331305027
96.0 0.434511482716 0.873403906822
97.0 0.433385789394 0.873823940754
98.0 0.436157763004 0.868195593357
99.0 0.439535617828 0.865255355835
100.0 0.435431092978 0.870547711849
101.0 0.436416506767 0.870631694794
102.0 0.437763541937 0.870547711849
103.0 0.435196280479 0.869623661041
104.0 0.440812677145 0.866263449192
105.0 0.431811630726 0.875335991383
106.0 0.435293018818 0.869791686535
107.0 0.434559434652 0.870799720287
108.0 0.436601549387 0.868279576302
109.0 0.434807449579 0.871807813644
110.0 0.429894775152 0.877436161041
111.0 0.431681394577 0.874075949192
112.0 0.433047741652 0.872899889946
113.0 0.429330140352 0.878192186356
114.0 0.4333370924 0.87298387289
115.0 0.436006784439 0.869959652424
116.0 0.429009467363 0.878864228725
117.0 0.4332511127 0.872731864452
118.0 0.429847836494 0.875588059425
119.0 0.437030702829 0.867943525314
120.0 0.43617478013 0.870799720287
121.0 0.431310176849 0.874747991562
122.0 0.434387862682 0.870547711849
123.0 0.433534324169 0.871723771095
124.0 0.433203041553 0.872227847576
125.0 0.433824956417 0.871471762657
126.0 0.433570325375 0.874075949192
127.0 0.42804813385 0.879872322083
128.0 0.429848074913 0.877772152424
129.0 0.43627166748 0.870211720467
130.0 0.433401495218 0.872563838959
131.0 0.433511793613 0.873067855835
132.0 0.435896515846 0.868867635727
133.0 0.42926889658 0.876848101616
134.0 0.433018684387 0.874075949192
135.0 0.427534341812 0.879032254219
136.0 0.426733285189 0.879284262657
137.0 0.433386564255 0.873067855835
138.0 0.423664182425 0.884912610054
139.0 0.429590851068 0.876428067684
140.0 0.430590838194 0.874411940575
141.0 0.427667438984 0.879452288151
142.0 0.428817331791 0.878948271275
143.0 0.426177442074 0.882308483124
144.0 0.431088685989 0.875252008438
145.0 0.431023865938 0.875168025494
146.0 0.432450354099 0.872731864452
147.0 0.428151935339 0.880124330521
148.0 0.426675826311 0.880964398384
149.0 0.425557345152 0.880292356014
150.0 0.428483486176 0.878528237343
151.0 0.431858599186 0.872479856014
152.0 0.431615918875 0.874916017056
153.0 0.427273660898 0.879116237164
154.0 0.429047375917 0.875924050808
155.0 0.425866246223 0.881720423698
156.0 0.425794839859 0.880292356014
157.0 0.431919544935 0.872899889946
158.0 0.42715215683 0.880460321903
159.0 0.423167079687 0.885248661041
160.0 0.4272159338 0.879704296589
161.0 0.42766341567 0.881300389767
162.0 0.422960698605 0.886004686356
163.0 0.423902124166 0.883064508438
164.0 0.42662614584 0.878864228725
165.0 0.427135676146 0.879200279713
166.0 0.42854654789 0.87701612711
167.0 0.426627129316 0.880628347397
168.0 0.425606876612 0.879956305027
169.0 0.427742213011 0.876932144165
170.0 0.42458280921 0.884408593178
171.0 0.426948517561 0.881972432137
172.0 0.42362254858 0.883064508438
173.0 0.422460734844 0.884408593178
174.0 0.424577623606 0.881132364273
175.0 0.425498872995 0.880964398384
176.0 0.425964564085 0.880544364452
177.0 0.424918502569 0.882560491562
178.0 0.425182670355 0.8828125
179.0 0.425401180983 0.881888449192
180.0 0.421467155218 0.886844754219
181.0 0.422599703074 0.882980525494
182.0 0.424056768417 0.883400559425
183.0 0.426400959492 0.882476449013
184.0 0.425007760525 0.883988559246
185.0 0.424640625715 0.882308483124
186.0 0.425983309746 0.881216406822
187.0 0.428221434355 0.878948271275
188.0 0.422793388367 0.885332643986
189.0 0.426730036736 0.880124330521
190.0 0.422158300877 0.885080635548
191.0 0.424863010645 0.882728517056
192.0 0.424769937992 0.8828125
193.0 0.424697965384 0.881720423698
194.0 0.420442968607 0.887012779713
195.0 0.421728938818 0.885668694973
196.0 0.424362063408 0.882224440575
197.0 0.426191955805 0.880292356014
198.0 0.421705335379 0.884996652603
199.0 0.420389205217 0.885164678097
200.0 0.427249073982 0.880208313465
201.0 0.424169063568 0.88415658474
202.0 0.421642929316 0.886844754219
203.0 0.425933212042 0.882224440575
204.0 0.423096984625 0.884576618671
205.0 0.42579767108 0.882644474506
206.0 0.422520786524 0.884408593178
207.0 0.415763020515 0.892053067684
208.0 0.419775038958 0.888356864452
209.0 0.425427317619 0.881972432137
210.0 0.421005934477 0.886844754219
211.0 0.425568372011 0.880124330521
212.0 0.42493480444 0.882896482944
213.0 0.421221405268 0.885080635548
214.0 0.417804926634 0.890036940575
215.0 0.420542776585 0.887684822083
216.0 0.421515077353 0.887768805027
217.0 0.425270706415 0.883148491383
218.0 0.422171860933 0.88348454237
219.0 0.426839917898 0.880460321903
220.0 0.419195234776 0.88928091526
221.0 0.423338025808 0.885164678097
222.0 0.421222776175 0.886844754219
223.0 0.420308917761 0.887012779713
224.0 0.419072508812 0.886928737164
225.0 0.420021593571 0.890204966068
226.0 0.420738995075 0.886004686356
227.0 0.420059204102 0.887516796589
228.0 0.416317850351 0.890960991383
229.0 0.419263571501 0.887768805027
230.0 0.418694406748 0.887516796589
231.0 0.423843622208 0.883988559246
232.0 0.419208854437 0.887852847576
233.0 0.420886486769 0.886004686356
234.0 0.421482741833 0.885080635548
235.0 0.419693738222 0.888356864452
236.0 0.419711738825 0.887348771095
237.0 0.421744018793 0.885584652424
238.0 0.422971367836 0.885332643986
239.0 0.420646041632 0.885920703411
240.0 0.420282721519 0.887264788151
241.0 0.415225803852 0.891633093357
242.0 0.417941063643 0.890036940575
243.0 0.419572651386 0.887180805206
244.0 0.4201618433 0.888356864452
245.0 0.419388979673 0.889196932316
246.0 0.418915897608 0.888440847397
247.0 0.417188256979 0.889112889767
248.0 0.416663229465 0.891045033932
249.0 0.420821040869 0.886592745781
250.0 0.418018162251 0.888440847397
251.0 0.421276062727 0.886256694794
252.0 0.416818261147 0.890625
253.0 0.419033616781 0.888692855835
254.0 0.419473707676 0.887096762657
255.0 0.421193569899 0.886424720287
256.0 0.417476862669 0.891213059425
257.0 0.420136988163 0.886844754219
258.0 0.417274177074 0.890456974506
259.0 0.418047457933 0.888440847397
260.0 0.415729105473 0.891885101795
261.0 0.420670986176 0.887096762657
262.0 0.414558649063 0.892977178097
263.0 0.415932029486 0.89196908474
264.0 0.41737857461 0.890120983124
265.0 0.420779287815 0.884240567684
266.0 0.413425207138 0.897009432316
267.0 0.418137282133 0.888440847397
268.0 0.415293365717 0.894069194794
269.0 0.414809852839 0.893229186535
270.0 0.418358266354 0.888860881329
271.0 0.416860818863 0.890036940575
272.0 0.414584755898 0.892221093178
273.0 0.417769819498 0.889448940754
274.0 0.418709456921 0.888020813465
275.0 0.417742192745 0.891885101795
276.0 0.414559274912 0.893985211849
277.0 0.413908749819 0.893649220467
278.0 0.411168992519 0.896169364452
279.0 0.41513517499 0.892809152603
280.0 0.413581550121 0.894825279713
281.0 0.41580092907 0.892137110233
282.0 0.415941745043 0.891801059246
283.0 0.419931173325 0.888020813465
284.0 0.416411817074 0.89129704237
285.0 0.414541751146 0.895077288151
286.0 0.41775020957 0.88860887289
287.0 0.417698681355 0.889532923698
288.0 0.418619841337 0.887936830521
289.0 0.417455762625 0.890288949013
290.0 0.413691133261 0.894237220287
291.0 0.413067817688 0.895497322083
292.0 0.420736581087 0.887516796589
293.0 0.411678016186 0.897597432137
294.0 0.416668027639 0.892305135727
295.0 0.416828483343 0.891717076302
296.0 0.412966609001 0.894657254219
297.0 0.412306219339 0.89709341526
298.0 0.41575101018 0.89196908474
299.0 0.418693453074 0.889364898205
300.0 0.413520514965 0.896169364452
301.0 0.415547609329 0.892557144165
302.0 0.417134404182 0.890877008438
303.0 0.413629919291 0.894573271275
304.0 0.418039053679 0.890541017056
305.0 0.412023514509 0.896169364452
306.0 0.414524525404 0.893145143986
307.0 0.412222594023 0.896337389946
308.0 0.414609760046 0.895077288151
309.0 0.411755383015 0.89776545763
310.0 0.41359731555 0.894573271275
311.0 0.412080258131 0.895833313465
312.0 0.413502961397 0.896001338959
313.0 0.410340756178 0.898689508438
314.0 0.413253605366 0.895497322083
315.0 0.414100348949 0.894573271275
316.0 0.409178942442 0.898689508438
317.0 0.41342946887 0.894657254219
318.0 0.411785364151 0.895581305027
319.0 0.417835742235 0.889616906643
320.0 0.41491535306 0.894237220287
321.0 0.412453353405 0.895917356014
322.0 0.413596689701 0.894573271275
323.0 0.415508359671 0.892725110054
324.0 0.413215875626 0.895413279533
325.0 0.412634074688 0.894741237164
326.0 0.413037210703 0.89642137289
327.0 0.408056557178 0.901377677917
328.0 0.412354707718 0.894405245781
329.0 0.41840493679 0.890708982944
330.0 0.414744108915 0.892389118671
331.0 0.41520857811 0.893397152424
332.0 0.415752410889 0.892305135727
333.0 0.408526748419 0.899613559246
334.0 0.413060218096 0.895161271095
335.0 0.409110188484 0.899277567863
336.0 0.411780357361 0.89709341526
337.0 0.413352668285 0.895749330521
338.0 0.407076716423 0.903645813465
339.0 0.412275016308 0.895161271095
340.0 0.415143013 0.892977178097
341.0 0.408596158028 0.898773491383
342.0 0.412590444088 0.894993305206
343.0 0.410584777594 0.899445593357
344.0 0.414437681437 0.894825279713
345.0 0.411595582962 0.897261440754
346.0 0.414806008339 0.892977178097
347.0 0.411836057901 0.897345423698
348.0 0.407576620579 0.901545703411
349.0 0.40810033679 0.901881694794
350.0 0.410931944847 0.897345423698
351.0 0.414714902639 0.893985211849
352.0 0.412160366774 0.895917356014
353.0 0.410063147545 0.897681474686
354.0 0.410621762276 0.898017466068
355.0 0.408211320639 0.900537610054
356.0 0.409630358219 0.898269474506
357.0 0.413473933935 0.894993305206
358.0 0.409680485725 0.898941516876
359.0 0.40777143836 0.901713728905
360.0 0.410743206739 0.897429406643
361.0 0.412150979042 0.896505355835
362.0 0.40572860837 0.904653906822
363.0 0.407395899296 0.902133762836
364.0 0.4089448452 0.898857533932
365.0 0.411005288363 0.897429406643
366.0 0.411975860596 0.89642137289
367.0 0.411345034838 0.896169364452
368.0 0.409388870001 0.899529576302
369.0 0.40782892704 0.899025559425
370.0 0.407279938459 0.902553737164
371.0 0.408323138952 0.90045362711
372.0 0.407279193401 0.901713728905
373.0 0.407449543476 0.900369644165
374.0 0.406890422106 0.900537610054
375.0 0.408195137978 0.900705635548
376.0 0.411127030849 0.898521482944
377.0 0.408669859171 0.900369644165
378.0 0.408319652081 0.901797711849
379.0 0.408432036638 0.900201618671
380.0 0.404272913933 0.905661940575
381.0 0.40530654788 0.903645813465
382.0 0.40795737505 0.900369644165
383.0 0.410227507353 0.899277567863
384.0 0.409798502922 0.90045362711
385.0 0.407898634672 0.901461720467
386.0 0.410141944885 0.899193525314
387.0 0.411258071661 0.898353517056
388.0 0.40901529789 0.901041686535
389.0 0.411620229483 0.897009432316
390.0 0.408126085997 0.899193525314
391.0 0.407142877579 0.901461720467
392.0 0.410265535116 0.897597432137
393.0 0.408797562122 0.900873661041
394.0 0.40489923954 0.905241906643
395.0 0.407557278872 0.900201618671
396.0 0.409389317036 0.899697601795
397.0 0.41065454483 0.898521482944
398.0 0.406863808632 0.903981864452
399.0 0.406228840351 0.90557795763
400.0 0.409461736679 0.900369644165
401.0 0.407289266586 0.902133762836
402.0 0.406453371048 0.902217745781
403.0 0.409073889256 0.899613559246
404.0 0.407452940941 0.902637779713
405.0 0.411161571741 0.898773491383
406.0 0.404967397451 0.904737889767
407.0 0.399265050888 0.910534262657
408.0 0.406045734882 0.903981864452
409.0 0.410416185856 0.899613559246
410.0 0.405679404736 0.902385771275
411.0 0.409617930651 0.898521482944
412.0 0.409181028605 0.898017466068
413.0 0.405889779329 0.901881694794
414.0 0.404563218355 0.905493974686
415.0 0.403476804495 0.905409932137
416.0 0.405251294374 0.903981864452
417.0 0.410011410713 0.899697601795
418.0 0.409216403961 0.899949610233
419.0 0.410698235035 0.897513449192
420.0 0.403702288866 0.907426059246
421.0 0.408320695162 0.901377677917
422.0 0.40604531765 0.903477847576
423.0 0.405061453581 0.903309822083
424.0 0.403108328581 0.907006025314
425.0 0.406123936176 0.903897821903
426.0 0.407569766045 0.901629686356
427.0 0.403691828251 0.907426059246
428.0 0.402578651905 0.905997991562
429.0 0.403166770935 0.906670033932
430.0 0.4054672122 0.902133762836
431.0 0.407534688711 0.901965737343
432.0 0.403215557337 0.905157923698
433.0 0.40742701292 0.903309822083
434.0 0.406683206558 0.902133762836
435.0 0.404677510262 0.904569864273
436.0 0.405549943447 0.903309822083
437.0 0.406326532364 0.903141796589
438.0 0.408524900675 0.900705635548
439.0 0.404854476452 0.905325949192
440.0 0.40458381176 0.903729856014
441.0 0.40098592639 0.909442186356
442.0 0.404816418886 0.903477847576
443.0 0.405488401651 0.904065847397
444.0 0.404654383659 0.905493974686
445.0 0.40589722991 0.902133762836
446.0 0.402729064226 0.90692204237
447.0 0.402361065149 0.908098101616
448.0 0.401965022087 0.907678067684
449.0 0.406478881836 0.901125669479
450.0 0.403952568769 0.905157923698
451.0 0.40663766861 0.902637779713
452.0 0.40371260047 0.906333982944
453.0 0.404222518206 0.905493974686
454.0 0.40728238225 0.902469754219
455.0 0.40561285615 0.903141796589
456.0 0.404735863209 0.905157923698
457.0 0.40649279952 0.902973771095
458.0 0.404394865036 0.904569864273
459.0 0.402592808008 0.908518135548
460.0 0.404086053371 0.904065847397
461.0 0.406755059958 0.902469754219
462.0 0.401343345642 0.907930135727
463.0 0.402223348618 0.908350110054
464.0 0.40511354804 0.903645813465
465.0 0.406121313572 0.902385771275
466.0 0.399854421616 0.909778237343
467.0 0.404240757227 0.906418025494
468.0 0.404253900051 0.90557795763
469.0 0.401885330677 0.907426059246
470.0 0.405708462 0.904065847397
471.0 0.403651118279 0.907258093357
472.0 0.401679009199 0.90759408474
473.0 0.404428631067 0.905745983124
474.0 0.404685646296 0.904821932316
475.0 0.404922246933 0.906333982944
476.0 0.402320563793 0.907930135727
477.0 0.400843054056 0.909862220287
478.0 0.398686289787 0.910702288151
479.0 0.402371764183 0.90692204237
480.0 0.39920347929 0.912130355835
481.0 0.4014993608 0.909862220287
482.0 0.404270857573 0.904485881329
483.0 0.407463371754 0.902133762836
484.0 0.402671903372 0.907930135727
485.0 0.400564432144 0.909610211849
486.0 0.404200106859 0.905661940575
487.0 0.405165612698 0.904737889767
488.0 0.404948323965 0.90423387289
489.0 0.40322971344 0.90692204237
490.0 0.401381164789 0.908770143986
491.0 0.401160418987 0.908350110054
492.0 0.406431436539 0.904569864273
493.0 0.400592774153 0.909190177917
494.0 0.404553085566 0.905913949013
495.0 0.403722137213 0.905997991562
496.0 0.399856239557 0.910198271275
497.0 0.400323152542 0.910114228725
498.0 0.403007417917 0.905913949013
499.0 0.405447840691 0.903477847576
500.0 0.400103121996 0.909442186356
501.0 0.402833640575 0.90557795763
502.0 0.405988991261 0.905073940754
503.0 0.401301980019 0.907762110233
504.0 0.405660808086 0.903645813465
505.0 0.398993581533 0.912130355835
506.0 0.401108562946 0.909022152424
507.0 0.39887458086 0.910870313644
508.0 0.39972281456 0.910450279713
509.0 0.39834472537 0.91339045763
510.0 0.401412010193 0.909274220467
511.0 0.400439590216 0.909526228905
512.0 0.400222033262 0.911290347576
513.0 0.399161994457 0.910954296589
514.0 0.40125232935 0.908350110054
515.0 0.400994330645 0.908434152603
516.0 0.399392336607 0.910534262657
517.0 0.400772660971 0.909862220287
518.0 0.400204569101 0.908938169479
519.0 0.40546002984 0.903057813644
520.0 0.401747018099 0.907678067684
521.0 0.398328959942 0.910114228725
522.0 0.399985969067 0.908602178097
523.0 0.403473734856 0.905913949013
524.0 0.400310307741 0.909022152424
525.0 0.399256139994 0.911542356014
526.0 0.400832593441 0.910114228725
527.0 0.395519256592 0.915994644165
528.0 0.399122864008 0.910618305206
529.0 0.403949528933 0.905409932137
530.0 0.402679413557 0.905997991562
531.0 0.402705460787 0.907258093357
532.0 0.402874857187 0.906502008438
533.0 0.396469146013 0.913978517056
534.0 0.399480104446 0.910954296589
535.0 0.397418558598 0.911710321903
536.0 0.39897492528 0.91204637289
537.0 0.400304526091 0.909694194794
538.0 0.395024955273 0.915154576302
539.0 0.400339275599 0.909610211849
540.0 0.402639746666 0.907342076302
541.0 0.396186202765 0.91271841526
542.0 0.398882627487 0.911794364452
543.0 0.399684607983 0.909274220467
544.0 0.399957239628 0.910618305206
545.0 0.398389220238 0.912550389767
546.0 0.402137219906 0.907258093357
547.0 0.397758185863 0.913474440575
548.0 0.394717097282 0.916666686535
549.0 0.39661192894 0.914314508438
550.0 0.399653613567 0.909190177917
551.0 0.401030212641 0.909694194794
552.0 0.399268239737 0.910534262657
553.0 0.395665079355 0.915490567684
554.0 0.398606956005 0.91204637289
555.0 0.394578248262 0.916246652603
556.0 0.395142823458 0.914902567863
557.0 0.401871830225 0.909442186356
558.0 0.395743101835 0.914818525314
559.0 0.395997911692 0.915154576302
560.0 0.397314667702 0.91339045763
561.0 0.399440258741 0.909778237343
562.0 0.392648100853 0.918430805206
563.0 0.392620921135 0.919270813465
564.0 0.396444141865 0.914314508438
565.0 0.399501591921 0.909778237343
566.0 0.398147135973 0.911206305027
567.0 0.397869855165 0.912634432316
568.0 0.394826412201 0.91540658474
569.0 0.393214166164 0.918010771275
570.0 0.392099350691 0.918934822083
571.0 0.395188897848 0.91607862711
572.0 0.39327532053 0.918178737164
573.0 0.394063383341 0.91607862711
574.0 0.393218576908 0.918094754219
575.0 0.394705086946 0.916498661041
576.0 0.397274047136 0.912886440754
577.0 0.394867688417 0.916750669479
578.0 0.395027190447 0.915910601616
579.0 0.395037174225 0.915910601616
580.0 0.391016095877 0.920278906822
581.0 0.391356885433 0.920446932316
582.0 0.394226163626 0.916666686535
583.0 0.395444065332 0.915238559246
584.0 0.395989745855 0.91473454237
585.0 0.394779533148 0.916750669479
586.0 0.395715564489 0.91607862711
587.0 0.396584898233 0.91473454237
588.0 0.395129144192 0.915322601795
589.0 0.396959781647 0.913642466068
590.0 0.395758241415 0.914482533932
