0.0 0.708588242531 0.534274220467
1.0 0.67089766264 0.598622322083
2.0 0.64469742775 0.62432795763
3.0 0.622456431389 0.65692204237
4.0 0.609609186649 0.675319194794
5.0 0.599818348885 0.686659932137
6.0 0.586317121983 0.705729186535
7.0 0.577049970627 0.716397821903
8.0 0.56324326992 0.731266796589
9.0 0.560913145542 0.732442855835
10.0 0.549779832363 0.744119644165
11.0 0.534916162491 0.762096762657
12.0 0.533287525177 0.763020813465
13.0 0.525040507317 0.776545703411
14.0 0.519228637218 0.782090067863
15.0 0.516170799732 0.787214398384
16.0 0.512212276459 0.791414678097
17.0 0.507327497005 0.793850779533
18.0 0.509907186031 0.793346762657
19.0 0.512279808521 0.790154576302
20.0 0.499861776829 0.802251338959
21.0 0.503610372543 0.798639118671
22.0 0.499162971973 0.801831305027
23.0 0.494416892529 0.806787610054
24.0 0.494799256325 0.807123661041
25.0 0.492248654366 0.808635771275
26.0 0.493308335543 0.806283593178
27.0 0.492768496275 0.810147821903
28.0 0.485498607159 0.818464398384
29.0 0.486471474171 0.817204296589
30.0 0.487094670534 0.818464398384
31.0 0.490233808756 0.812416017056
32.0 0.484877884388 0.817456305027
33.0 0.48233383894 0.820480525494
34.0 0.485885381699 0.817372322083
35.0 0.482572048903 0.821320593357
36.0 0.479821264744 0.823504686356
37.0 0.482581675053 0.818212389946
38.0 0.479609817266 0.826948940754
39.0 0.481171995401 0.822160601616
40.0 0.479730755091 0.825856864452
41.0 0.469210088253 0.836189508438
42.0 0.477262020111 0.827704966068
43.0 0.475703328848 0.829217076302
44.0 0.473935246468 0.82946908474
45.0 0.47992426157 0.824176728725
46.0 0.474044173956 0.832073271275
47.0 0.47275197506 0.832157254219
48.0 0.467147737741 0.839633762836
49.0 0.473045796156 0.832661271095
50.0 0.465376794338 0.839633762836
51.0 0.475193023682 0.828293025494
52.0 0.473899662495 0.82879704237
53.0 0.471689134836 0.831401228905
54.0 0.468696564436 0.834257364273
55.0 0.472791403532 0.831569194794
56.0 0.465906977654 0.839633762836
57.0 0.463548243046 0.840221762657
58.0 0.464044749737 0.840809822083
59.0 0.464055716991 0.840305805206
60.0 0.462724626064 0.840305805206
61.0 0.465349674225 0.839717745781
62.0 0.465214550495 0.838877677917
63.0 0.463250428438 0.839549720287
64.0 0.464171260595 0.839381694794
65.0 0.466269165277 0.839633762836
66.0 0.460460633039 0.845850110054
67.0 0.46165317297 0.844170033932
68.0 0.461016774178 0.844674050808
69.0 0.458823919296 0.846774220467
70.0 0.464066833258 0.842489898205
71.0 0.461025476456 0.845934152603
72.0 0.458661556244 0.847194194794
73.0 0.463045746088 0.841565847397
74.0 0.459254235029 0.847446262836
75.0 0.462261080742 0.843161940575
76.0 0.454946815968 0.851142466068
77.0 0.453140169382 0.85290658474
78.0 0.457995474339 0.848958313465
79.0 0.457916796207 0.846858203411
80.0 0.453511565924 0.853830635548
81.0 0.455671459436 0.849714398384
82.0 0.459016889334 0.846774220467
83.0 0.458370417356 0.848706305027
84.0 0.456697225571 0.848874330521
85.0 0.457931637764 0.846438169479
86.0 0.458419293165 0.844506025314
87.0 0.456936955452 0.849378347397
88.0 0.458262652159 0.847278237343
89.0 0.456373900175 0.848874330521
90.0 0.451311409473 0.855930805206
91.0 0.447704464197 0.858618974686
92.0 0.456594377756 0.850638449192
93.0 0.449947685003 0.857442855835
94.0 0.456169247627 0.848622322083
95.0 0.453590214252 0.852402567863
96.0 0.453438162804 0.852570593357
97.0 0.451370388269 0.854670703411
98.0 0.451557695866 0.854502677917
99.0 0.451420068741 0.854670703411
100.0 0.449607014656 0.856686830521
101.0 0.451016008854 0.856014788151
102.0 0.45293238759 0.853242635727
103.0 0.453653424978 0.851730525494
104.0 0.453911155462 0.852654576302
105.0 0.447626531124 0.858534932137
106.0 0.444926857948 0.861979186535
107.0 0.452531665564 0.854754686356
108.0 0.45105266571 0.855510771275
109.0 0.449535995722 0.856266796589
110.0 0.444699198008 0.861979186535
111.0 0.446896016598 0.859291017056
112.0 0.447960466146 0.85735887289
113.0 0.445220053196 0.860887110233
114.0 0.447363466024 0.858870983124
115.0 0.445993125439 0.859627008438
116.0 0.441700309515 0.865087389946
117.0 0.447450876236 0.859543025494
118.0 0.443295687437 0.863911271095
119.0 0.450051516294 0.857022821903
120.0 0.446953117847 0.859291017056
121.0 0.444034546614 0.861811161041
122.0 0.44477596879 0.860383093357
123.0 0.444554775953 0.861727178097
124.0 0.44448402524 0.860551059246
125.0 0.44735661149 0.858366906643
126.0 0.444186598063 0.862987220287
127.0 0.439066827297 0.868363559246
128.0 0.4432336092 0.864163279533
129.0 0.447763055563 0.858954966068
130.0 0.443163871765 0.864919364452
131.0 0.445803761482 0.859458982944
132.0 0.447854280472 0.857274889946
133.0 0.439322113991 0.867271482944
134.0 0.441095292568 0.867271482944
135.0 0.439852356911 0.868867635727
136.0 0.440097361803 0.865003347397
137.0 0.446988373995 0.859627008438
138.0 0.434083968401 0.873907923698
139.0 0.440847694874 0.865591406822
140.0 0.442180603743 0.864247322083
141.0 0.440508037806 0.867019474506
142.0 0.440070599318 0.868699610233
143.0 0.440434128046 0.86785954237
144.0 0.441771924496 0.865759432316
145.0 0.442823171616 0.863407254219
146.0 0.439749121666 0.868279576302
147.0 0.444763153791 0.863491237164
148.0 0.441001027822 0.867607533932
149.0 0.441939085722 0.86651545763
150.0 0.441121965647 0.86651545763
151.0 0.442840605974 0.866431474686
152.0 0.443571835756 0.865003347397
153.0 0.441497892141 0.867019474506
154.0 0.442285716534 0.867019474506
155.0 0.441101819277 0.866935491562
156.0 0.440238445997 0.86785954237
157.0 0.442812860012 0.866011440754
158.0 0.439916878939 0.868363559246
159.0 0.435930401087 0.873991906643
160.0 0.43955129385 0.869371652603
161.0 0.435609459877 0.873571932316
162.0 0.43797186017 0.872311830521
163.0 0.436763465405 0.870967745781
164.0 0.439185678959 0.869623661041
165.0 0.438990324736 0.86785954237
166.0 0.438426762819 0.867271482944
167.0 0.439353972673 0.866431474686
168.0 0.436153769493 0.871891796589
169.0 0.439971387386 0.86651545763
170.0 0.434533685446 0.872899889946
171.0 0.43915951252 0.866851449013
172.0 0.437262535095 0.869371652603
173.0 0.435430914164 0.870463728905
174.0 0.43707087636 0.867439508438
175.0 0.433738857508 0.87365591526
176.0 0.435283571482 0.872479856014
177.0 0.434206604958 0.873235881329
178.0 0.433730781078 0.875840067863
179.0 0.436895430088 0.869623661041
180.0 0.435393601656 0.870715737343
181.0 0.433278679848 0.874243974686
182.0 0.436676561832 0.870463728905
183.0 0.437148034573 0.870295703411
184.0 0.433456003666 0.874159932137
185.0 0.434856653214 0.874495983124
186.0 0.435745686293 0.872815847397
187.0 0.436006516218 0.871807813644
188.0 0.433682024479 0.87365591526
189.0 0.440422087908 0.866095423698
190.0 0.431822568178 0.875840067863
191.0 0.431615769863 0.874495983124
192.0 0.435343831778 0.873571932316
193.0 0.43583971262 0.872647821903
194.0 0.429673016071 0.878696262836
195.0 0.430006206036 0.877268135548
196.0 0.432074636221 0.876260101795
197.0 0.433461844921 0.872899889946
198.0 0.431732803583 0.873907923698
199.0 0.4304009974 0.875924050808
200.0 0.436293274164 0.869371652603
201.0 0.431677252054 0.87634408474
202.0 0.430356800556 0.877520143986
203.0 0.434533774853 0.871135771275
204.0 0.432251065969 0.874411940575
205.0 0.432762771845 0.875924050808
206.0 0.432213395834 0.873571932316
207.0 0.424840509892 0.883988559246
208.0 0.426265865564 0.881804406643
209.0 0.432212591171 0.874495983124
210.0 0.432189047337 0.874075949192
211.0 0.433864563704 0.874663949013
212.0 0.434904783964 0.872731864452
213.0 0.431373357773 0.875252008438
214.0 0.428273558617 0.878864228725
215.0 0.431680589914 0.87567204237
216.0 0.429770112038 0.877940177917
217.0 0.434594422579 0.872227847576
218.0 0.432332366705 0.873991906643
219.0 0.434401065111 0.872311830521
220.0 0.428507566452 0.878360211849
221.0 0.434534162283 0.872647821903
222.0 0.430481165648 0.876176059246
223.0 0.429161816835 0.876680135727
224.0 0.425985515118 0.880880355835
225.0 0.426179915667 0.881384432316
226.0 0.427766174078 0.881132364273
227.0 0.42898824811 0.878444194794
228.0 0.426986157894 0.880292356014
229.0 0.428070485592 0.880208313465
230.0 0.427902907133 0.880964398384
231.0 0.430764019489 0.877184152603
232.0 0.428718656301 0.877772152424
233.0 0.4256465137 0.882728517056
234.0 0.430398374796 0.877772152424
235.0 0.428983300924 0.878528237343
236.0 0.428111284971 0.879620313644
237.0 0.429609239101 0.876680135727
238.0 0.430339157581 0.877940177917
239.0 0.429183781147 0.878864228725
240.0 0.428515732288 0.879452288151
241.0 0.425199151039 0.881972432137
242.0 0.425095230341 0.884576618671
243.0 0.428790718317 0.879200279713
244.0 0.4285813272 0.878108203411
245.0 0.429667025805 0.877688169479
246.0 0.428098648787 0.879704296589
247.0 0.424900829792 0.883568525314
248.0 0.425471574068 0.881636440754
249.0 0.426565647125 0.881132364273
250.0 0.426262229681 0.880544364452
251.0 0.428742676973 0.879620313644
252.0 0.426774561405 0.880208313465
253.0 0.427578091621 0.880292356014
254.0 0.427697241306 0.880460321903
255.0 0.430313110352 0.877184152603
256.0 0.426216572523 0.88146841526
257.0 0.428669095039 0.877940177917
258.0 0.424241304398 0.883400559425
259.0 0.423876494169 0.88482862711
260.0 0.424334973097 0.882224440575
261.0 0.429008692503 0.877856194973
262.0 0.422841787338 0.884660601616
263.0 0.425306499004 0.882896482944
264.0 0.426401376724 0.880964398384
265.0 0.428182214499 0.879284262657
266.0 0.42484164238 0.88348454237
267.0 0.426260262728 0.881048381329
268.0 0.425249665976 0.882728517056
269.0 0.424295812845 0.883400559425
270.0 0.425494253635 0.883316516876
271.0 0.430185049772 0.875924050808
272.0 0.421732902527 0.886676728725
273.0 0.426152288914 0.882224440575
274.0 0.425404697657 0.88214045763
275.0 0.427829533815 0.879704296589
276.0 0.423463135958 0.884324610233
277.0 0.421217054129 0.886256694794
278.0 0.421223431826 0.887600779533
279.0 0.425199359655 0.882560491562
280.0 0.422667235136 0.885668694973
281.0 0.423050075769 0.88348454237
282.0 0.423637747765 0.886004686356
283.0 0.425592005253 0.8828125
284.0 0.425913363695 0.881552398205
285.0 0.423295408487 0.885500669479
286.0 0.427893966436 0.879536271095
287.0 0.423225045204 0.884240567684
288.0 0.425530582666 0.883820593357
289.0 0.426340341568 0.881132364273
290.0 0.422901719809 0.884912610054
291.0 0.421712815762 0.888440847397
292.0 0.429363906384 0.878528237343
293.0 0.419436842203 0.889616906643
294.0 0.423736542463 0.885164678097
295.0 0.426115959883 0.880460321903
296.0 0.421806484461 0.886424720287
297.0 0.423141926527 0.885584652424
298.0 0.427243560553 0.881384432316
299.0 0.426392376423 0.880880355835
300.0 0.420493513346 0.888356864452
301.0 0.422240018845 0.884660601616
302.0 0.424512594938 0.882896482944
303.0 0.421574860811 0.886508762836
304.0 0.425497889519 0.882560491562
305.0 0.421207249165 0.887012779713
306.0 0.421683251858 0.885416686535
307.0 0.425050348043 0.882476449013
308.0 0.422973304987 0.883148491383
309.0 0.421446025372 0.887852847576
310.0 0.419309705496 0.88860887289
311.0 0.421500176191 0.886508762836
312.0 0.421824425459 0.887684822083
313.0 0.420286029577 0.887516796589
314.0 0.424584418535 0.884240567684
315.0 0.421171456575 0.887516796589
316.0 0.418257653713 0.889616906643
317.0 0.422924280167 0.886760771275
318.0 0.419627815485 0.889196932316
319.0 0.427957177162 0.880208313465
320.0 0.425236046314 0.881804406643
321.0 0.420705169439 0.886424720287
322.0 0.420862942934 0.886676728725
323.0 0.423387050629 0.884072601795
324.0 0.422126680613 0.886088728905
325.0 0.422118276358 0.886340737343
326.0 0.422468990088 0.886088728905
327.0 0.417502909899 0.890456974506
328.0 0.41838312149 0.890793025494
329.0 0.423745185137 0.885752677917
330.0 0.422821938992 0.885584652424
331.0 0.425008863211 0.881972432137
332.0 0.425762265921 0.881552398205
333.0 0.417284309864 0.891717076302
334.0 0.421298801899 0.887096762657
335.0 0.418840438128 0.890036940575
336.0 0.419317275286 0.888104856014
337.0 0.426103770733 0.880376338959
338.0 0.415100187063 0.893313169479
339.0 0.41996589303 0.888692855835
340.0 0.42385828495 0.882980525494
341.0 0.416974276304 0.89196908474
342.0 0.422330796719 0.885752677917
343.0 0.420402854681 0.889616906643
344.0 0.421037524939 0.88860887289
345.0 0.423386603594 0.884072601795
346.0 0.421604931355 0.885584652424
347.0 0.420981943607 0.887768805027
348.0 0.418745309114 0.887936830521
349.0 0.419346600771 0.888272821903
350.0 0.420770078897 0.885584652424
351.0 0.423352688551 0.884744644165
352.0 0.419482111931 0.888692855835
353.0 0.418751388788 0.888944864273
354.0 0.422399938107 0.885164678097
355.0 0.418050825596 0.891213059425
356.0 0.421488881111 0.885500669479
357.0 0.42054489255 0.888356864452
358.0 0.418723732233 0.888944864273
359.0 0.416650265455 0.89129704237
360.0 0.419865936041 0.889784932137
361.0 0.416962832212 0.890877008438
362.0 0.418209165335 0.891717076302
363.0 0.420193254948 0.887012779713
364.0 0.417505830526 0.891465067863
365.0 0.419766664505 0.888104856014
366.0 0.419691801071 0.889028906822
367.0 0.421068429947 0.886424720287
368.0 0.417752593756 0.890372991562
369.0 0.422375261784 0.885500669479
370.0 0.416221052408 0.891717076302
371.0 0.419414073229 0.888272821903
372.0 0.41809591651 0.889700949192
373.0 0.417384773493 0.890456974506
374.0 0.415863990784 0.893061161041
375.0 0.416938275099 0.892977178097
376.0 0.421053886414 0.887096762657
377.0 0.418447881937 0.889616906643
378.0 0.416639089584 0.891717076302
379.0 0.420142620802 0.888356864452
380.0 0.415437191725 0.892221093178
381.0 0.41513466835 0.89264112711
382.0 0.417284309864 0.891549050808
383.0 0.420016616583 0.88928091526
384.0 0.417343586683 0.891717076302
385.0 0.417265176773 0.890625
386.0 0.419946759939 0.888692855835
387.0 0.419550985098 0.889616906643
388.0 0.4187926054 0.889700949192
389.0 0.421908915043 0.885836720467
390.0 0.416423916817 0.890288949013
391.0 0.417629778385 0.890793025494
392.0 0.418393790722 0.888860881329
393.0 0.416139036417 0.892977178097
394.0 0.414344370365 0.895077288151
395.0 0.417673140764 0.890877008438
396.0 0.418100059032 0.892557144165
397.0 0.419024080038 0.890036940575
398.0 0.416381150484 0.892221093178
399.0 0.413475394249 0.896925389767
400.0 0.42100673914 0.887852847576
401.0 0.415528893471 0.893145143986
402.0 0.416036099195 0.893817186356
403.0 0.418319374323 0.890793025494
404.0 0.419814944267 0.887516796589
405.0 0.419973105192 0.888440847397
406.0 0.418271631002 0.890120983124
407.0 0.411803126335 0.897345423698
408.0 0.412932604551 0.896925389767
409.0 0.418108403683 0.889868974686
410.0 0.416626393795 0.892221093178
411.0 0.419341355562 0.889532923698
412.0 0.419989019632 0.887768805027
413.0 0.414962589741 0.893229186535
414.0 0.413697689772 0.896337389946
415.0 0.415435373783 0.893733203411
416.0 0.414190471172 0.894069194794
417.0 0.420911043882 0.887936830521
418.0 0.418911069632 0.890708982944
419.0 0.418562293053 0.890288949013
420.0 0.414939850569 0.893565177917
421.0 0.41998025775 0.885836720467
422.0 0.417738199234 0.889700949192
423.0 0.413337379694 0.896337389946
424.0 0.413300395012 0.894489228725
425.0 0.416501969099 0.891129016876
426.0 0.414824754 0.895665347576
427.0 0.416904598475 0.892305135727
428.0 0.414558768272 0.894825279713
429.0 0.411302596331 0.897429406643
430.0 0.415129989386 0.893397152424
431.0 0.418416559696 0.890541017056
432.0 0.414427608252 0.893817186356
433.0 0.415513396263 0.894657254219
434.0 0.416254013777 0.892725110054
435.0 0.417041659355 0.891549050808
436.0 0.416249424219 0.893061161041
437.0 0.417859017849 0.88995295763
438.0 0.417205512524 0.892137110233
439.0 0.416531473398 0.890793025494
440.0 0.414939552546 0.893985211849
441.0 0.413585036993 0.895329296589
442.0 0.417223364115 0.892053067684
443.0 0.41521859169 0.893817186356
444.0 0.417406588793 0.890456974506
445.0 0.415920823812 0.894153237343
446.0 0.414599865675 0.893733203411
447.0 0.411814957857 0.898101449013
448.0 0.411872416735 0.896085321903
449.0 0.415726333857 0.892725110054
450.0 0.414876252413 0.894657254219
451.0 0.41688528657 0.893145143986
452.0 0.412525743246 0.896841406822
453.0 0.415467649698 0.89264112711
454.0 0.418281465769 0.891381025314
455.0 0.418203264475 0.890036940575
456.0 0.413341641426 0.896169364452
457.0 0.417054772377 0.891213059425
458.0 0.412001013756 0.897177398205
459.0 0.415221989155 0.893313169479
460.0 0.411403119564 0.8984375
461.0 0.416420131922 0.892473101616
462.0 0.409774571657 0.900705635548
463.0 0.411834716797 0.897177398205
464.0 0.415226399899 0.892977178097
465.0 0.417466938496 0.890708982944
466.0 0.413131713867 0.895329296589
467.0 0.413768976927 0.896169364452
468.0 0.412031859159 0.896673381329
469.0 0.411064565182 0.898605525494
470.0 0.415119916201 0.892137110233
471.0 0.417437851429 0.892137110233
472.0 0.411400735378 0.896841406822
473.0 0.414152055979 0.893565177917
474.0 0.413600891829 0.895161271095
475.0 0.415766328573 0.893061161041
476.0 0.411381214857 0.897261440754
477.0 0.410045862198 0.897513449192
478.0 0.410803645849 0.898941516876
479.0 0.412335783243 0.896505355835
480.0 0.411288201809 0.897429406643
481.0 0.411571592093 0.897009432316
482.0 0.415277987719 0.893229186535
483.0 0.416120767593 0.893229186535
484.0 0.414821445942 0.893481194973
485.0 0.412847876549 0.895581305027
486.0 0.416337996721 0.891885101795
487.0 0.414039820433 0.895245313644
488.0 0.412823230028 0.896085321903
489.0 0.41606169939 0.892893135548
490.0 0.412452787161 0.896337389946
491.0 0.408982634544 0.900621652603
492.0 0.418999999762 0.889112889767
493.0 0.409444838762 0.900789678097
494.0 0.414269328117 0.895077288151
495.0 0.413783669472 0.896085321903
496.0 0.410756707191 0.898857533932
497.0 0.413459271193 0.894489228725
498.0 0.41473826766 0.893901228905
499.0 0.416709065437 0.892557144165
500.0 0.413949728012 0.893397152424
501.0 0.412923544645 0.896085321903
502.0 0.415667980909 0.89264112711
503.0 0.41341573 0.895329296589
504.0 0.415035903454 0.893397152424
505.0 0.410913079977 0.899277567863
506.0 0.410927265882 0.898101449013
507.0 0.414258211851 0.893985211849
508.0 0.411151021719 0.898185491562
509.0 0.411897391081 0.896673381329
510.0 0.411680072546 0.896925389767
511.0 0.410873621702 0.89910954237
512.0 0.411753833294 0.896925389767
513.0 0.411499023438 0.896925389767
514.0 0.413105219603 0.894993305206
515.0 0.411952108145 0.897681474686
516.0 0.409204095602 0.89978158474
517.0 0.413508802652 0.894741237164
518.0 0.41110086441 0.896841406822
519.0 0.41720277071 0.890625
520.0 0.415979623795 0.891549050808
521.0 0.411327451468 0.895581305027
522.0 0.413969963789 0.894825279713
523.0 0.412704378366 0.896673381329
524.0 0.413581430912 0.895329296589
525.0 0.412873655558 0.897429406643
526.0 0.412943303585 0.894909262657
527.0 0.407371550798 0.901461720467
528.0 0.411865025759 0.897261440754
529.0 0.415028303862 0.893817186356
530.0 0.412157982588 0.89709341526
531.0 0.414561450481 0.895077288151
532.0 0.415033251047 0.895413279533
533.0 0.408679276705 0.900705635548
534.0 0.412740021944 0.897345423698
535.0 0.411197423935 0.898185491562
536.0 0.413574099541 0.894657254219
537.0 0.414916872978 0.894153237343
538.0 0.407662630081 0.902553737164
539.0 0.411672174931 0.897261440754
540.0 0.413654446602 0.895833313465
541.0 0.409072041512 0.900285601616
542.0 0.411439538002 0.898101449013
543.0 0.411889731884 0.896757364273
544.0 0.414470791817 0.894405245781
545.0 0.416580557823 0.892053067684
546.0 0.412334442139 0.89642137289
547.0 0.414193540812 0.894573271275
548.0 0.410197228193 0.897513449192
549.0 0.410573273897 0.8984375
550.0 0.413099974394 0.895329296589
551.0 0.411854296923 0.896757364273
552.0 0.409524857998 0.899025559425
553.0 0.411163985729 0.898101449013
554.0 0.413197726011 0.896505355835
555.0 0.409977853298 0.899445593357
556.0 0.409931331873 0.897681474686
557.0 0.412981271744 0.895161271095
558.0 0.408542841673 0.901209652424
559.0 0.41102001071 0.897681474686
560.0 0.409431427717 0.901041686535
561.0 0.408282667398 0.902049720287
562.0 0.410346329212 0.899445593357
563.0 0.40895113349 0.900201618671
564.0 0.408762395382 0.901293694973
565.0 0.411053031683 0.897513449192
566.0 0.410253494978 0.898773491383
567.0 0.412803024054 0.896001338959
568.0 0.407792538404 0.902637779713
569.0 0.41202968359 0.897009432316
570.0 0.408121019602 0.900537610054
571.0 0.410101771355 0.898185491562
572.0 0.409682273865 0.899865567684
573.0 0.407392442226 0.902553737164
574.0 0.40657427907 0.903141796589
575.0 0.40691113472 0.902973771095
576.0 0.413719087839 0.895749330521
577.0 0.409309357405 0.8984375
578.0 0.410588949919 0.898521482944
579.0 0.410116702318 0.898773491383
580.0 0.407451421022 0.901209652424
581.0 0.407451719046 0.900537610054
582.0 0.408453077078 0.900873661041
583.0 0.412358403206 0.896505355835
584.0 0.409058451653 0.900537610054
585.0 0.410888671875 0.8984375
586.0 0.411855876446 0.897513449192
587.0 0.414074152708 0.894993305206
588.0 0.411590486765 0.89709341526
589.0 0.412151634693 0.89709341526
590.0 0.408330023289 0.901713728905
591.0 0.407238125801 0.902049720287
592.0 0.407941460609 0.902133762836
593.0 0.409920275211 0.900285601616
594.0 0.407830625772 0.900285601616
595.0 0.406927704811 0.903141796589
596.0 0.41121762991 0.898521482944
597.0 0.410124093294 0.89910954237
598.0 0.407964736223 0.901377677917
599.0 0.407333165407 0.902469754219
600.0 0.412240564823 0.897261440754
601.0 0.408518910408 0.899613559246
602.0 0.410022735596 0.898353517056
603.0 0.410629302263 0.8984375
604.0 0.412089794874 0.896253347397
605.0 0.412454009056 0.896001338959
606.0 0.410026878119 0.899529576302
607.0 0.403441160917 0.905661940575
608.0 0.406665384769 0.902469754219
609.0 0.409247487783 0.900285601616
610.0 0.408797800541 0.898689508438
611.0 0.412123769522 0.896505355835
612.0 0.411599099636 0.898269474506
613.0 0.40945532918 0.899277567863
614.0 0.406419575214 0.903225779533
615.0 0.407669305801 0.902049720287
616.0 0.406671345234 0.902385771275
617.0 0.412005156279 0.896253347397
618.0 0.412227928638 0.896757364273
619.0 0.414461493492 0.893817186356
620.0 0.4078977108 0.900873661041
621.0 0.412434697151 0.896841406822
622.0 0.410020679235 0.898101449013
623.0 0.409453183413 0.900033593178
624.0 0.404459089041 0.904317855835
625.0 0.409261643887 0.899865567684
626.0 0.408425122499 0.900285601616
627.0 0.409137815237 0.900705635548
628.0 0.407040596008 0.901125669479
629.0 0.405649125576 0.902889788151
630.0 0.408444285393 0.899949610233
631.0 0.410758942366 0.897513449192
632.0 0.405184417963 0.904821932316
633.0 0.406383097172 0.901881694794
634.0 0.405860602856 0.90423387289
635.0 0.406373739243 0.902301728725
636.0 0.407730937004 0.900705635548
637.0 0.405816227198 0.905157923698
638.0 0.409697532654 0.898689508438
639.0 0.405985236168 0.903813838959
640.0 0.406734794378 0.903309822083
641.0 0.404826790094 0.905745983124
642.0 0.407330423594 0.902217745781
643.0 0.407717823982 0.902049720287
644.0 0.40723028779 0.902637779713
645.0 0.409228622913 0.900957643986
646.0 0.409066021442 0.900873661041
647.0 0.404241412878 0.905241906643
648.0 0.405219346285 0.904065847397
649.0 0.408831238747 0.900957643986
650.0 0.405494004488 0.903309822083
651.0 0.408954322338 0.900201618671
652.0 0.407219916582 0.901797711849
653.0 0.407421469688 0.902133762836
654.0 0.410435080528 0.898185491562
655.0 0.407279223204 0.903477847576
656.0 0.406117647886 0.903309822083
657.0 0.406294226646 0.901881694794
658.0 0.404297441244 0.904569864273
659.0 0.404937982559 0.905073940754
660.0 0.404108196497 0.905997991562
661.0 0.409320861101 0.900033593178
662.0 0.403712898493 0.906166017056
663.0 0.403759837151 0.905157923698
664.0 0.407956928015 0.900621652603
665.0 0.408489733934 0.901797711849
666.0 0.4020011127 0.907006025314
667.0 0.407506346703 0.902637779713
668.0 0.4056019485 0.903645813465
669.0 0.404875844717 0.903897821903
670.0 0.409055799246 0.900705635548
671.0 0.407301902771 0.902385771275
672.0 0.404703438282 0.90423387289
673.0 0.406071454287 0.902889788151
674.0 0.406016558409 0.902721762657
675.0 0.407536447048 0.903225779533
676.0 0.402709066868 0.906838059425
677.0 0.401731669903 0.907678067684
678.0 0.401890963316 0.908350110054
679.0 0.401986896992 0.908098101616
680.0 0.403794407845 0.907174050808
681.0 0.406113743782 0.903309822083
682.0 0.40580534935 0.904317855835
683.0 0.408634871244 0.90045362711
684.0 0.406894356012 0.901881694794
685.0 0.406904637814 0.902889788151
686.0 0.40712299943 0.901965737343
687.0 0.40523853898 0.903309822083
688.0 0.406541913748 0.903393805027
689.0 0.407237112522 0.902553737164
690.0 0.401818960905 0.908098101616
691.0 0.402028083801 0.909022152424
692.0 0.410218566656 0.899613559246
693.0 0.40389996767 0.906166017056
694.0 0.406408697367 0.903225779533
695.0 0.407322019339 0.902889788151
696.0 0.402924269438 0.907006025314
697.0 0.406306028366 0.903561830521
698.0 0.406936317682 0.902217745781
699.0 0.406443029642 0.902133762836
700.0 0.405395537615 0.903981864452
701.0 0.405271112919 0.904401898384
702.0 0.405447810888 0.904401898384
703.0 0.406077772379 0.903309822083
704.0 0.406538903713 0.903561830521
705.0 0.404727727175 0.90423387289
706.0 0.404201179743 0.905997991562
707.0 0.407121270895 0.902049720287
708.0 0.403026819229 0.906670033932
709.0 0.401883274317 0.90826612711
710.0 0.40390124917 0.905913949013
711.0 0.402460902929 0.90557795763
712.0 0.404821157455 0.904989898205
713.0 0.401725530624 0.909946262836
714.0 0.404177188873 0.905409932137
715.0 0.405282557011 0.90490591526
716.0 0.401639431715 0.909274220467
717.0 0.403912127018 0.904989898205
718.0 0.401453256607 0.908098101616
719.0 0.409186124802 0.89910954237
720.0 0.405189335346 0.903729856014
721.0 0.40437272191 0.904821932316
722.0 0.405335336924 0.904401898384
723.0 0.402854055166 0.906166017056
724.0 0.405186325312 0.904569864273
725.0 0.405104190111 0.904821932316
726.0 0.403537333012 0.905661940575
727.0 0.398803174496 0.910282254219
728.0 0.403200447559 0.907006025314
729.0 0.407799184322 0.902889788151
730.0 0.406126946211 0.904149889946
731.0 0.405929267406 0.904569864273
732.0 0.407391428947 0.903813838959
733.0 0.399843275547 0.910618305206
734.0 0.405426591635 0.903981864452
735.0 0.400062769651 0.909274220467
736.0 0.405084788799 0.904737889767
737.0 0.407294481993 0.902469754219
738.0 0.39946809411 0.908770143986
739.0 0.404174923897 0.906166017056
740.0 0.407291978598 0.902133762836
741.0 0.40199843049 0.906754016876
742.0 0.402836471796 0.907762110233
743.0 0.40368142724 0.905325949192
744.0 0.407024204731 0.903813838959
745.0 0.406655997038 0.903897821903
746.0 0.404822796583 0.903477847576
747.0 0.403794437647 0.906585991383
748.0 0.401352494955 0.909022152424
749.0 0.401413589716 0.90826612711
750.0 0.404996275902 0.904485881329
751.0 0.404153555632 0.905409932137
752.0 0.401082634926 0.908014118671
753.0 0.402046322823 0.908434152603
754.0 0.405159652233 0.904065847397
755.0 0.40286886692 0.907930135727
756.0 0.399836272001 0.910282254219
757.0 0.405811309814 0.903057813644
758.0 0.402547478676 0.907510101795
759.0 0.401038378477 0.909190177917
760.0 0.403459817171 0.906838059425
761.0 0.401288181543 0.908434152603
762.0 0.40236312151 0.908014118671
763.0 0.400232672691 0.910534262657
764.0 0.399856925011 0.909778237343
765.0 0.405163019896 0.904989898205
766.0 0.403416007757 0.906418025494
767.0 0.403638124466 0.907426059246
768.0 0.402376115322 0.907678067684
769.0 0.404310703278 0.905745983124
770.0 0.400559663773 0.910954296589
771.0 0.403109669685 0.906754016876
772.0 0.401660174131 0.907342076302
773.0 0.401227980852 0.908770143986
774.0 0.397040903568 0.914818525314
775.0 0.402373254299 0.908686161041
776.0 0.40298178792 0.906838059425
777.0 0.399055838585 0.910954296589
778.0 0.401995927095 0.907258093357
779.0 0.404001623392 0.905997991562
780.0 0.39748826623 0.913054406643
781.0 0.396806627512 0.913894474506
782.0 0.400343418121 0.910450279713
783.0 0.405448168516 0.90423387289
784.0 0.401529341936 0.909190177917
785.0 0.400578439236 0.909862220287
786.0 0.403661578894 0.905745983124
787.0 0.406380772591 0.902637779713
788.0 0.40394744277 0.904989898205
789.0 0.405275642872 0.904989898205
790.0 0.399740487337 0.910786271095
791.0 0.398128926754 0.911878347397
792.0 0.40158188343 0.908098101616
793.0 0.402180880308 0.909358203411
794.0 0.396283507347 0.914398491383
795.0 0.399861901999 0.910030245781
796.0 0.40299052 0.906585991383
797.0 0.402147263288 0.909526228905
798.0 0.400622785091 0.909610211849
799.0 0.398368060589 0.912634432316
800.0 0.403472781181 0.907174050808
801.0 0.401001811028 0.908770143986
802.0 0.400977134705 0.909022152424
803.0 0.400737792253 0.909442186356
804.0 0.403245031834 0.90625
805.0 0.403685778379 0.906754016876
806.0 0.401847809553 0.909106194973
807.0 0.393339842558 0.916750669479
808.0 0.398941785097 0.911458313465
809.0 0.402666330338 0.907258093357
810.0 0.401176661253 0.909442186356
811.0 0.403813421726 0.906081974506
812.0 0.402567476034 0.906754016876
813.0 0.400798469782 0.908602178097
814.0 0.399097591639 0.910702288151
815.0 0.399015516043 0.910870313644
816.0 0.399864435196 0.910366237164
817.0 0.402155816555 0.907762110233
818.0 0.40452927351 0.905745983124
819.0 0.405087172985 0.905325949192
820.0 0.399101138115 0.911962389946
821.0 0.402432054281 0.907510101795
822.0 0.399928867817 0.910282254219
823.0 0.399441123009 0.911206305027
824.0 0.395580381155 0.913726449013
825.0 0.399006515741 0.910870313644
826.0 0.399704962969 0.910786271095
827.0 0.40057387948 0.910030245781
828.0 0.396995633841 0.912802398205
829.0 0.396553128958 0.913054406643
830.0 0.399309188128 0.911290347576
831.0 0.408979892731 0.900789678097
832.0 0.402894079685 0.907006025314
833.0 0.405632793903 0.903813838959
834.0 0.404723674059 0.905409932137
835.0 0.403581768274 0.906333982944
836.0 0.40682721138 0.903393805027
837.0 0.40519335866 0.904821932316
838.0 0.404716610909 0.90557795763
839.0 0.405642777681 0.904569864273
840.0 0.404632657766 0.905325949192
841.0 0.402937650681 0.90625
842.0 0.406838566065 0.902385771275
843.0 0.40441763401 0.905997991562
844.0 0.405293822289 0.904821932316
845.0 0.404155880213 0.906333982944
846.0 0.405221790075 0.903897821903
847.0 0.402060300112 0.908098101616
848.0 0.402270913124 0.907510101795
849.0 0.404668748379 0.905241906643
850.0 0.404467910528 0.905073940754
851.0 0.405599564314 0.904149889946
852.0 0.405501693487 0.904653906822
853.0 0.405374437571 0.904401898384
854.0 0.406990736723 0.902385771275
855.0 0.407102018595 0.902637779713
856.0 0.403929173946 0.905661940575
857.0 0.404798656702 0.905073940754
858.0 0.401907444 0.907930135727
859.0 0.405634343624 0.902637779713
860.0 0.402636915445 0.908434152603
861.0 0.409586340189 0.899445593357
862.0 0.400951057673 0.908770143986
863.0 0.402530819178 0.907426059246
864.0 0.406757175922 0.903729856014
865.0 0.406719624996 0.902721762657
866.0 0.398890823126 0.910282254219
867.0 0.403997242451 0.906166017056
868.0 0.403926968575 0.905661940575
869.0 0.403326392174 0.908602178097
870.0 0.406812697649 0.901797711849
871.0 0.405646592379 0.903645813465
872.0 0.401689469814 0.908434152603
873.0 0.403630077839 0.905829966068
874.0 0.405775368214 0.904149889946
875.0 0.406781584024 0.901965737343
876.0 0.401111036539 0.909526228905
877.0 0.401262134314 0.908518135548
878.0 0.401085525751 0.908434152603
879.0 0.403904050589 0.90625
880.0 0.40129545331 0.909022152424
881.0 0.403642058372 0.90625
882.0 0.403879076242 0.906585991383
883.0 0.406492739916 0.904653906822
884.0 0.403414189816 0.905661940575
885.0 0.402780264616 0.906585991383
886.0 0.406946867704 0.902133762836
887.0 0.404959142208 0.904401898384
888.0 0.404559910297 0.906670033932
889.0 0.40562787652 0.90423387289
890.0 0.403223335743 0.906838059425
891.0 0.399688512087 0.911290347576
892.0 0.408636927605 0.900789678097
893.0 0.402135133743 0.908182144165
894.0 0.406462103128 0.90423387289
895.0 0.406646609306 0.902805805206
896.0 0.40366306901 0.905661940575
897.0 0.402861237526 0.90625
898.0 0.405972808599 0.904401898384
899.0 0.405894815922 0.902133762836
900.0 0.403477013111 0.906081974506
901.0 0.403391242027 0.906333982944
902.0 0.404486179352 0.905073940754
903.0 0.404702007771 0.905241906643
904.0 0.404155880213 0.905997991562
905.0 0.401283711195 0.909022152424
906.0 0.404571026564 0.904401898384
907.0 0.405920624733 0.902889788151
908.0 0.401833891869 0.907762110233
909.0 0.402551829815 0.907762110233
910.0 0.401266694069 0.907762110233
911.0 0.400022357702 0.910030245781
912.0 0.403748065233 0.905493974686
913.0 0.401181817055 0.907678067684
914.0 0.403182476759 0.907090067863
915.0 0.400681048632 0.910114228725
916.0 0.401606738567 0.908014118671
917.0 0.402997910976 0.907678067684
918.0 0.400143742561 0.908938169479
919.0 0.408939033747 0.90045362711
920.0 0.4063192904 0.903561830521
921.0 0.401983499527 0.907090067863
922.0 0.404192686081 0.905493974686
923.0 0.401857435703 0.907846093178
924.0 0.403492182493 0.90759408474
925.0 0.404794603586 0.903309822083
926.0 0.402521401644 0.906838059425
927.0 0.396636843681 0.913894474506
928.0 0.400215834379 0.910870313644
929.0 0.40559104085 0.904065847397
930.0 0.404320061207 0.90490591526
931.0 0.405940026045 0.903225779533
932.0 0.404070526361 0.906418025494
933.0 0.40034738183 0.908434152603
934.0 0.403674423695 0.906418025494
935.0 0.400652319193 0.909862220287
936.0 0.402841329575 0.907678067684
937.0 0.407361626625 0.901797711849
938.0 0.399330973625 0.910954296589
939.0 0.40248721838 0.908182144165
940.0 0.404359728098 0.905997991562
941.0 0.398125529289 0.911794364452
942.0 0.401668697596 0.909358203411
943.0 0.402523696423 0.907930135727
944.0 0.403879076242 0.905745983124
945.0 0.405628710985 0.903981864452
946.0 0.403220921755 0.905745983124
947.0 0.402725875378 0.907762110233
948.0 0.401431500912 0.907762110233
949.0 0.399977952242 0.909694194794
950.0 0.40282535553 0.908098101616
951.0 0.405137866735 0.904569864273
952.0 0.401220470667 0.908434152603
953.0 0.402646869421 0.907090067863
954.0 0.405382573605 0.90490591526
955.0 0.401089251041 0.908014118671
956.0 0.400128960609 0.908602178097
957.0 0.403771013021 0.905493974686
958.0 0.399993658066 0.910366237164
959.0 0.401168525219 0.908350110054
960.0 0.402279734612 0.907846093178
961.0 0.399548590183 0.909862220287
962.0 0.402051627636 0.908182144165
963.0 0.401534199715 0.908518135548
964.0 0.398834526539 0.911794364452
965.0 0.401312589645 0.909106194973
966.0 0.401364684105 0.908518135548
967.0 0.404759466648 0.905073940754
968.0 0.399678915739 0.910702288151
969.0 0.404037058353 0.905325949192
970.0 0.399862349033 0.911458313465
