0.0 0.583148002625 0.698840737343
1.0 0.491618543863 0.814264118671
2.0 0.484394490719 0.820816516876
3.0 0.485297381878 0.822496652603
4.0 0.476319909096 0.832409262657
5.0 0.471936881542 0.8359375
6.0 0.470159560442 0.836693525314
7.0 0.460692405701 0.846102178097
8.0 0.458081483841 0.849462389946
9.0 0.471241444349 0.83459341526
10.0 0.463916420937 0.842489898205
11.0 0.461168199778 0.845178067684
12.0 0.456777185202 0.851478517056
13.0 0.461032748222 0.847614228725
14.0 0.458672881126 0.849378347397
15.0 0.462686270475 0.846018135548
16.0 0.461470484734 0.846186161041
17.0 0.457248389721 0.850470423698
18.0 0.457577317953 0.850722432137
19.0 0.458204120398 0.850722432137
20.0 0.453219592571 0.853746652603
21.0 0.458372414112 0.848286271095
22.0 0.452039659023 0.856686830521
23.0 0.456262677908 0.851646482944
24.0 0.449681431055 0.85735887289
25.0 0.447692006826 0.861643135548
26.0 0.452187567949 0.856014788151
27.0 0.45414930582 0.854082643986
28.0 0.447098612785 0.860803067684
29.0 0.449434548616 0.858786940575
30.0 0.449512392282 0.859879016876
31.0 0.45316529274 0.855342745781
32.0 0.453363895416 0.853326618671
33.0 0.451213628054 0.856098771095
34.0 0.450401991606 0.856098771095
35.0 0.44771900773 0.860467076302
36.0 0.446496248245 0.861643135548
37.0 0.449183553457 0.857526898384
38.0 0.444562852383 0.863575279713
39.0 0.444346487522 0.864247322083
40.0 0.445679366589 0.863071262836
41.0 0.442266970873 0.865423381329
42.0 0.447903245687 0.859879016876
43.0 0.445386052132 0.863239228725
44.0 0.447554349899 0.859543025494
45.0 0.451005548239 0.856182813644
46.0 0.446037858725 0.862567186356
47.0 0.441452115774 0.865759432316
48.0 0.437594860792 0.869371652603
49.0 0.441679626703 0.865339398384
50.0 0.441893965006 0.864919364452
51.0 0.444401085377 0.863323271275
52.0 0.440938651562 0.867439508438
53.0 0.443136185408 0.864163279533
54.0 0.442965149879 0.865423381329
55.0 0.446650713682 0.861727178097
56.0 0.438179016113 0.869539678097
57.0 0.442223101854 0.86517137289
58.0 0.441903144121 0.865339398384
59.0 0.441985666752 0.865927398205
60.0 0.437552064657 0.869119644165
61.0 0.443734079599 0.862987220287
62.0 0.437611311674 0.869791686535
63.0 0.434906303883 0.873403906822
64.0 0.438562124968 0.868951618671
65.0 0.441985458136 0.865591406822
66.0 0.435829609632 0.870799720287
67.0 0.439097613096 0.866263449192
68.0 0.437636435032 0.869371652603
69.0 0.438412219286 0.868867635727
70.0 0.440314561129 0.86584341526
71.0 0.443117499352 0.861895143986
72.0 0.433966934681 0.872395813465
73.0 0.437329351902 0.871051728725
74.0 0.438116818666 0.870295703411
75.0 0.439472347498 0.867439508438
76.0 0.435204744339 0.873319864273
77.0 0.436165928841 0.871975779533
78.0 0.434311896563 0.874243974686
79.0 0.436379790306 0.871387779713
80.0 0.433819174767 0.872227847576
81.0 0.431855976582 0.876428067684
82.0 0.435804128647 0.871303737164
83.0 0.43901091814 0.868363559246
84.0 0.434705972672 0.871639788151
85.0 0.436995625496 0.871219754219
86.0 0.437907725573 0.868447601795
87.0 0.435323089361 0.871891796589
88.0 0.439467310905 0.865759432316
89.0 0.439039707184 0.868615567684
90.0 0.4352838099 0.872311830521
91.0 0.428763359785 0.879116237164
92.0 0.437363028526 0.870295703411
93.0 0.43055921793 0.876008093357
94.0 0.436433494091 0.872059822083
95.0 0.436178475618 0.870883762836
96.0 0.431963324547 0.874411940575
97.0 0.430630475283 0.878024220467
98.0 0.438485741615 0.86920362711
99.0 0.432598203421 0.87567204237
100.0 0.432558149099 0.876176059246
101.0 0.433902204037 0.874075949192
102.0 0.434233188629 0.872227847576
103.0 0.434006512165 0.873739898205
104.0 0.435368776321 0.872227847576
105.0 0.431149184704 0.876176059246
106.0 0.42991322279 0.878780245781
107.0 0.432468980551 0.874411940575
108.0 0.432876348495 0.875168025494
109.0 0.432298392057 0.875504016876
110.0 0.430174708366 0.876512110233
111.0 0.430554270744 0.87701612711
112.0 0.432955056429 0.875
113.0 0.431549698114 0.874411940575
114.0 0.432414919138 0.874411940575
115.0 0.4309925735 0.875588059425
116.0 0.429478555918 0.877436161041
117.0 0.433113843203 0.873403906822
118.0 0.431699931622 0.876680135727
119.0 0.434589594603 0.87298387289
120.0 0.433320730925 0.873067855835
121.0 0.429750591516 0.876680135727
122.0 0.43168464303 0.875420033932
123.0 0.432725399733 0.875168025494
124.0 0.432060986757 0.874075949192
125.0 0.431795537472 0.875420033932
126.0 0.434256762266 0.874411940575
127.0 0.425840765238 0.882644474506
128.0 0.431903928518 0.873151898384
129.0 0.43393138051 0.874579966068
130.0 0.430334031582 0.87634408474
131.0 0.430036306381 0.878528237343
132.0 0.436735391617 0.870547711849
133.0 0.430046737194 0.877856194973
134.0 0.42805865407 0.879200279713
135.0 0.430765837431 0.876092076302
136.0 0.427804589272 0.879284262657
137.0 0.432707667351 0.874159932137
138.0 0.424743980169 0.883316516876
139.0 0.429285645485 0.877268135548
140.0 0.432008832693 0.874243974686
141.0 0.430073201656 0.877940177917
142.0 0.432591378689 0.875420033932
143.0 0.430139452219 0.877856194973
144.0 0.434638887644 0.870883762836
145.0 0.429850548506 0.879284262657
146.0 0.432641237974 0.877100110054
147.0 0.431836366653 0.877604186535
148.0 0.42673227191 0.880628347397
149.0 0.428028941154 0.879368305206
150.0 0.427838116884 0.879452288151
151.0 0.432941436768 0.874663949013
152.0 0.42968249321 0.877520143986
153.0 0.428117007017 0.877856194973
154.0 0.43087297678 0.875924050808
155.0 0.431147009134 0.877604186535
156.0 0.426770448685 0.881216406822
157.0 0.429800719023 0.877436161041
158.0 0.425782680511 0.881384432316
159.0 0.425830543041 0.881888449192
160.0 0.429093241692 0.877604186535
161.0 0.42603880167 0.8828125
162.0 0.42684584856 0.878948271275
163.0 0.424925029278 0.882476449013
164.0 0.426810026169 0.881216406822
165.0 0.426587045193 0.879788279533
166.0 0.428528368473 0.879956305027
167.0 0.430044591427 0.878192186356
168.0 0.426861137152 0.881132364273
169.0 0.428189069033 0.879704296589
170.0 0.425880998373 0.882560491562
171.0 0.427077829838 0.880208313465
172.0 0.42551445961 0.880544364452
173.0 0.421438246965 0.886928737164
174.0 0.42483523488 0.882392466068
175.0 0.426204890013 0.883064508438
176.0 0.427725106478 0.880544364452
177.0 0.424868702888 0.883232533932
178.0 0.427107661963 0.880208313465
179.0 0.428543061018 0.879284262657
180.0 0.426640510559 0.881804406643
181.0 0.425357609987 0.881804406643
182.0 0.427321851254 0.881048381329
183.0 0.4288674891 0.879116237164
184.0 0.426585406065 0.879872322083
185.0 0.425102055073 0.881048381329
186.0 0.428258508444 0.880124330521
187.0 0.430025041103 0.878192186356
188.0 0.426612108946 0.879620313644
189.0 0.429508984089 0.878864228725
190.0 0.426397889853 0.881804406643
191.0 0.426205575466 0.880964398384
192.0 0.427488267422 0.880208313465
193.0 0.427149772644 0.880544364452
194.0 0.423297017813 0.883064508438
195.0 0.425382107496 0.881720423698
196.0 0.426908403635 0.879368305206
197.0 0.427527606487 0.880040347576
198.0 0.424066185951 0.883148491383
199.0 0.421660363674 0.886760771275
200.0 0.427479684353 0.882476449013
201.0 0.423254311085 0.884492635727
202.0 0.422308892012 0.885920703411
203.0 0.420776277781 0.887852847576
204.0 0.424643188715 0.881384432316
205.0 0.424618780613 0.883652567863
206.0 0.421372979879 0.886424720287
207.0 0.415620654821 0.89264112711
208.0 0.418388932943 0.890625
209.0 0.424396008253 0.88348454237
210.0 0.420789986849 0.887516796589
211.0 0.425058335066 0.88348454237
212.0 0.425786375999 0.879956305027
213.0 0.422634273767 0.883904576302
214.0 0.417541950941 0.888776898384
215.0 0.422176927328 0.884912610054
216.0 0.420353621244 0.885584652424
217.0 0.426974177361 0.878948271275
218.0 0.423494488001 0.882728517056
219.0 0.4238319695 0.882224440575
220.0 0.418827593327 0.888776898384
221.0 0.424787163734 0.882392466068
222.0 0.421320259571 0.885584652424
223.0 0.419732868671 0.889112889767
224.0 0.417279928923 0.889784932137
225.0 0.418431639671 0.889448940754
226.0 0.420712679625 0.886424720287
227.0 0.420316189528 0.886424720287
228.0 0.417573660612 0.88995295763
229.0 0.417872309685 0.890960991383
230.0 0.419488638639 0.889532923698
231.0 0.426301062107 0.882476449013
232.0 0.418860048056 0.889364898205
233.0 0.419830471277 0.887516796589
234.0 0.42159050703 0.884324610233
235.0 0.419945538044 0.887264788151
236.0 0.418836116791 0.887516796589
237.0 0.421957939863 0.885836720467
238.0 0.422024220228 0.886760771275
239.0 0.419589161873 0.888104856014
240.0 0.419668018818 0.887936830521
241.0 0.415105968714 0.892305135727
242.0 0.416554152966 0.891549050808
243.0 0.41843110323 0.890456974506
244.0 0.419535160065 0.888860881329
245.0 0.421837419271 0.886256694794
246.0 0.419606804848 0.887348771095
247.0 0.414253473282 0.893061161041
248.0 0.415026932955 0.89196908474
249.0 0.420855820179 0.885752677917
250.0 0.416515260935 0.891717076302
251.0 0.418088972569 0.889532923698
252.0 0.416096240282 0.892389118671
253.0 0.417856365442 0.889868974686
254.0 0.418567150831 0.888356864452
255.0 0.421454042196 0.884492635727
256.0 0.415209650993 0.892557144165
257.0 0.41705673933 0.891045033932
258.0 0.417834371328 0.889448940754
259.0 0.414583057165 0.894405245781
260.0 0.412712544203 0.896925389767
261.0 0.421377897263 0.886676728725
262.0 0.413974732161 0.895413279533
263.0 0.417187482119 0.891213059425
264.0 0.415857225657 0.893901228905
265.0 0.419813543558 0.888524889946
266.0 0.412919819355 0.894825279713
267.0 0.41743272543 0.892053067684
268.0 0.417379975319 0.891045033932
269.0 0.415598422289 0.893817186356
270.0 0.418875485659 0.888440847397
271.0 0.420763611794 0.886424720287
272.0 0.411579251289 0.896589398384
273.0 0.414253920317 0.894657254219
274.0 0.419714659452 0.888692855835
275.0 0.420839488506 0.886172711849
276.0 0.415271997452 0.892473101616
277.0 0.414536803961 0.89264112711
278.0 0.412074029446 0.896589398384
279.0 0.415184259415 0.892221093178
280.0 0.414427161217 0.893397152424
281.0 0.414233326912 0.894909262657
282.0 0.416271299124 0.892221093178
283.0 0.419323086739 0.888776898384
284.0 0.416808098555 0.893061161041
285.0 0.414861917496 0.894069194794
286.0 0.420485347509 0.887432813644
287.0 0.414555758238 0.894321262836
288.0 0.416670143604 0.893481194973
289.0 0.419873476028 0.887432813644
290.0 0.415015280247 0.893313169479
291.0 0.40899759531 0.900033593178
292.0 0.41849181056 0.88995295763
293.0 0.412221819162 0.89642137289
294.0 0.417446047068 0.890541017056
295.0 0.417660415173 0.891633093357
296.0 0.413599163294 0.894741237164
297.0 0.414796471596 0.893733203411
298.0 0.419637739658 0.887852847576
299.0 0.415689945221 0.892977178097
300.0 0.413774996996 0.894489228725
301.0 0.413936048746 0.894573271275
302.0 0.417594730854 0.891381025314
303.0 0.417497575283 0.891381025314
304.0 0.418198049068 0.89129704237
305.0 0.412695556879 0.894321262836
306.0 0.41369509697 0.894321262836
307.0 0.416043400764 0.891801059246
308.0 0.417378991842 0.88928091526
309.0 0.412769734859 0.895581305027
310.0 0.410716921091 0.898941516876
311.0 0.414427936077 0.894489228725
312.0 0.414173007011 0.895413279533
313.0 0.410539865494 0.898017466068
314.0 0.414005637169 0.893649220467
315.0 0.414742857218 0.893901228905
316.0 0.409945160151 0.898857533932
317.0 0.412642478943 0.896169364452
318.0 0.412545651197 0.896001338959
319.0 0.41937276721 0.887684822083
320.0 0.417047411203 0.890288949013
321.0 0.415357500315 0.893397152424
322.0 0.416451275349 0.890372991562
323.0 0.413289308548 0.895077288151
324.0 0.415824711323 0.891633093357
325.0 0.414029598236 0.894489228725
326.0 0.416689515114 0.891129016876
327.0 0.411223292351 0.896085321903
328.0 0.414442539215 0.894573271275
329.0 0.418648272753 0.890120983124
330.0 0.416251450777 0.891045033932
331.0 0.41416156292 0.893565177917
332.0 0.414967209101 0.893061161041
333.0 0.411980122328 0.895665347576
334.0 0.411424040794 0.897933483124
335.0 0.41153883934 0.897429406643
336.0 0.412148177624 0.895749330521
337.0 0.41838991642 0.889784932137
338.0 0.409757584333 0.900789678097
339.0 0.413198292255 0.896253347397
340.0 0.413592964411 0.894489228725
341.0 0.412050276995 0.896673381329
342.0 0.415101081133 0.893733203411
343.0 0.412464827299 0.896589398384
344.0 0.416639894247 0.890456974506
345.0 0.41271057725 0.894825279713
346.0 0.415075719357 0.892977178097
347.0 0.411221832037 0.897513449192
348.0 0.409371107817 0.899025559425
349.0 0.41207665205 0.896589398384
350.0 0.411849945784 0.89776545763
351.0 0.417410850525 0.891549050808
352.0 0.413636118174 0.893481194973
353.0 0.41262960434 0.896337389946
354.0 0.416249811649 0.892221093178
355.0 0.41129142046 0.89709341526
356.0 0.410707712173 0.897009432316
357.0 0.41407635808 0.894909262657
358.0 0.40987637639 0.899025559425
359.0 0.407169759274 0.901797711849
360.0 0.41149020195 0.898605525494
361.0 0.411557346582 0.897345423698
362.0 0.410462379456 0.8984375
363.0 0.409536093473 0.899361550808
364.0 0.409800738096 0.89910954237
365.0 0.413113474846 0.895413279533
366.0 0.414346188307 0.894573271275
367.0 0.412725031376 0.895077288151
368.0 0.409862190485 0.900789678097
369.0 0.412317633629 0.896085321903
370.0 0.412286788225 0.896505355835
371.0 0.41216892004 0.895833313465
372.0 0.410462915897 0.898101449013
373.0 0.408600836992 0.900873661041
374.0 0.407861292362 0.901377677917
375.0 0.412689745426 0.895749330521
376.0 0.412225961685 0.897177398205
377.0 0.410478293896 0.899361550808
378.0 0.412411391735 0.894909262657
379.0 0.413271903992 0.894573271275
380.0 0.412903040648 0.893733203411
381.0 0.411287605762 0.89776545763
382.0 0.413001924753 0.896757364273
383.0 0.415296703577 0.894237220287
384.0 0.412151545286 0.898269474506
385.0 0.411532789469 0.897009432316
386.0 0.413656294346 0.895413279533
387.0 0.416521549225 0.89264112711
388.0 0.411719709635 0.897345423698
389.0 0.415219217539 0.893733203411
390.0 0.415033310652 0.893313169479
391.0 0.411190807819 0.89709341526
392.0 0.409443765879 0.899277567863
393.0 0.412098586559 0.896925389767
394.0 0.407170236111 0.901377677917
395.0 0.409912794828 0.899697601795
396.0 0.410943567753 0.8984375
397.0 0.413208514452 0.894153237343
398.0 0.412927210331 0.895245313644
399.0 0.40916249156 0.900117635727
400.0 0.415112435818 0.893397152424
401.0 0.411169797182 0.899697601795
402.0 0.406899005175 0.900705635548
403.0 0.409485429525 0.900285601616
404.0 0.412232637405 0.896253347397
405.0 0.410829812288 0.898773491383
406.0 0.410885810852 0.896841406822
407.0 0.404012948275 0.905325949192
408.0 0.407178848982 0.901209652424
409.0 0.411466419697 0.89776545763
410.0 0.406828820705 0.902385771275
411.0 0.411926954985 0.896589398384
412.0 0.413254320621 0.895329296589
413.0 0.409895211458 0.898101449013
414.0 0.405416309834 0.903645813465
415.0 0.407530903816 0.901629686356
416.0 0.406818211079 0.902385771275
417.0 0.411264508963 0.896169364452
418.0 0.410865664482 0.898017466068
419.0 0.411859810352 0.895077288151
420.0 0.40597319603 0.903141796589
421.0 0.408155500889 0.901041686535
422.0 0.4088729918 0.898521482944
423.0 0.408814758062 0.899529576302
424.0 0.40472343564 0.903057813644
425.0 0.406781464815 0.902973771095
426.0 0.409610331059 0.900789678097
427.0 0.40972211957 0.899277567863
428.0 0.406130254269 0.902805805206
429.0 0.404285460711 0.906333982944
430.0 0.407362729311 0.901461720467
431.0 0.412455946207 0.896337389946
432.0 0.407367199659 0.901965737343
433.0 0.408458799124 0.900621652603
434.0 0.408603787422 0.899193525314
435.0 0.408193200827 0.898101449013
436.0 0.405051320791 0.903477847576
437.0 0.409460455179 0.900117635727
438.0 0.408136844635 0.901965737343
439.0 0.406737864017 0.903393805027
440.0 0.406371712685 0.903309822083
441.0 0.405402243137 0.90423387289
442.0 0.405630171299 0.903729856014
443.0 0.405327945948 0.902973771095
444.0 0.406374871731 0.903477847576
445.0 0.409161061049 0.899697601795
446.0 0.407581537962 0.901881694794
447.0 0.401913046837 0.907762110233
448.0 0.403175264597 0.905241906643
449.0 0.405833244324 0.903393805027
450.0 0.404158324003 0.904569864273
451.0 0.408798456192 0.900201618671
452.0 0.404715210199 0.904653906822
453.0 0.405035734177 0.905913949013
454.0 0.408402353525 0.900789678097
455.0 0.406378746033 0.902301728725
456.0 0.401017546654 0.908098101616
457.0 0.403705269098 0.905157923698
458.0 0.404173284769 0.904821932316
459.0 0.402802616358 0.90759408474
460.0 0.402372717857 0.907846093178
461.0 0.406558215618 0.902133762836
462.0 0.400379061699 0.909358203411
463.0 0.401851683855 0.908014118671
464.0 0.404202014208 0.903897821903
465.0 0.406510472298 0.902217745781
466.0 0.398557811975 0.910282254219
467.0 0.40419831872 0.906166017056
468.0 0.401903778315 0.907930135727
469.0 0.400901705027 0.906585991383
470.0 0.407196551561 0.902049720287
471.0 0.407572865486 0.901293694973
472.0 0.399454027414 0.910198271275
473.0 0.402662009001 0.906585991383
474.0 0.406067579985 0.903141796589
475.0 0.407576441765 0.901797711849
476.0 0.401268094778 0.909190177917
477.0 0.400172293186 0.909610211849
478.0 0.400481551886 0.910030245781
479.0 0.401070386171 0.908182144165
480.0 0.400171548128 0.909358203411
481.0 0.400483131409 0.908350110054
482.0 0.401686668396 0.907426059246
483.0 0.405068665743 0.905241906643
484.0 0.404151886702 0.904737889767
485.0 0.399453192949 0.911290347576
486.0 0.403822332621 0.905073940754
487.0 0.400988340378 0.909862220287
488.0 0.40397644043 0.905073940754
489.0 0.404653310776 0.903225779533
490.0 0.400946944952 0.907846093178
491.0 0.397443860769 0.912550389767
492.0 0.405739188194 0.903561830521
493.0 0.397866070271 0.911710321903
494.0 0.403353780508 0.905829966068
495.0 0.404465287924 0.904737889767
496.0 0.398746043444 0.910954296589
497.0 0.401728570461 0.908182144165
498.0 0.405542135239 0.903645813465
499.0 0.402316510677 0.906166017056
500.0 0.400593757629 0.909022152424
501.0 0.401433259249 0.909526228905
502.0 0.401999443769 0.906754016876
503.0 0.400314450264 0.909022152424
504.0 0.403692871332 0.905241906643
505.0 0.396845042706 0.913222432137
506.0 0.399163812399 0.909862220287
507.0 0.400095403194 0.909694194794
508.0 0.399878174067 0.909946262836
509.0 0.400414824486 0.908938169479
510.0 0.398480325937 0.911542356014
511.0 0.399206906557 0.910954296589
512.0 0.399587571621 0.910450279713
513.0 0.398384213448 0.911122322083
514.0 0.397966444492 0.912634432316
515.0 0.400202393532 0.909442186356
516.0 0.395320028067 0.91473454237
517.0 0.397665947676 0.912214398384
518.0 0.396523207426 0.913558483124
519.0 0.402804791927 0.906418025494
520.0 0.401649713516 0.906838059425
521.0 0.401554018259 0.90759408474
522.0 0.397883534431 0.912802398205
523.0 0.398355662823 0.912298381329
524.0 0.398476004601 0.911206305027
525.0 0.399024605751 0.910954296589
526.0 0.400298118591 0.910282254219
527.0 0.394158244133 0.916330635548
528.0 0.399189442396 0.911038279533
529.0 0.404525876045 0.905073940754
530.0 0.399744451046 0.910954296589
531.0 0.400120198727 0.909106194973
532.0 0.402659207582 0.907678067684
533.0 0.395554274321 0.914146482944
534.0 0.395914494991 0.914818525314
535.0 0.395610570908 0.914650559425
536.0 0.400804102421 0.909442186356
537.0 0.403113484383 0.907090067863
538.0 0.394962757826 0.914650559425
539.0 0.397975057364 0.91204637289
540.0 0.401769399643 0.907090067863
541.0 0.397355735302 0.912298381329
542.0 0.39919513464 0.911458313465
543.0 0.399425953627 0.911122322083
544.0 0.400175333023 0.909610211849
545.0 0.400227159262 0.909022152424
546.0 0.397991836071 0.911962389946
547.0 0.395469158888 0.915574610233
548.0 0.394571900368 0.914902567863
549.0 0.393891900778 0.916582643986
550.0 0.394184887409 0.914902567863
551.0 0.399325549603 0.910618305206
552.0 0.39555093646 0.915070593357
553.0 0.397397577763 0.913474440575
554.0 0.399410039186 0.910618305206
555.0 0.396385520697 0.913642466068
556.0 0.394774287939 0.913810491562
557.0 0.396653860807 0.914398491383
558.0 0.394203066826 0.915910601616
559.0 0.39424970746 0.916582643986
560.0 0.395318090916 0.915994644165
561.0 0.394303709269 0.916162610054
562.0 0.397872179747 0.912130355835
563.0 0.393226861954 0.917002677917
564.0 0.395711421967 0.914230525494
565.0 0.396576464176 0.914146482944
566.0 0.396613568068 0.913138449192
567.0 0.397438675165 0.911962389946
568.0 0.394317388535 0.917338728905
569.0 0.397619605064 0.913306474686
570.0 0.396554321051 0.912970423698
571.0 0.393545538187 0.917338728905
572.0 0.391719967127 0.919186830521
573.0 0.394158810377 0.915742635727
574.0 0.391695380211 0.917254686356
575.0 0.393573462963 0.916918694973
576.0 0.395711809397 0.914398491383
577.0 0.393852889538 0.916162610054
578.0 0.394926548004 0.915742635727
579.0 0.397595763206 0.912634432316
580.0 0.394187062979 0.916414678097
581.0 0.393700987101 0.916498661041
582.0 0.394402086735 0.915154576302
583.0 0.396657675505 0.91339045763
584.0 0.394836574793 0.914818525314
585.0 0.393309354782 0.917674720287
586.0 0.395021498203 0.915238559246
587.0 0.397773504257 0.913054406643
588.0 0.395787149668 0.914650559425
589.0 0.397841721773 0.912970423698
590.0 0.396397203207 0.914566516876
591.0 0.393464952707 0.916498661041
592.0 0.393393278122 0.916162610054
593.0 0.395509302616 0.914566516876
594.0 0.392188817263 0.917506694794
595.0 0.39110955596 0.918094754219
596.0 0.395807355642 0.914566516876
597.0 0.394531607628 0.916162610054
598.0 0.393403083086 0.917674720287
599.0 0.390158087015 0.920698940754
600.0 0.394594460726 0.916834652424
601.0 0.391474246979 0.919522821903
602.0 0.388904899359 0.921538949013
603.0 0.391954571009 0.919018805027
604.0 0.393648117781 0.918094754219
605.0 0.394117981195 0.917002677917
606.0 0.392232209444 0.918682813644
607.0 0.386351376772 0.924479186535
608.0 0.387485384941 0.922799050808
609.0 0.391246467829 0.920446932316
610.0 0.390574544668 0.919438838959
611.0 0.391189038754 0.919690847397
612.0 0.392826080322 0.917254686356
613.0 0.392120480537 0.918430805206
614.0 0.385202586651 0.926075279713
615.0 0.388340979815 0.92321908474
616.0 0.387787640095 0.923471093178
617.0 0.390873253345 0.920782923698
618.0 0.393172055483 0.917674720287
619.0 0.389601707458 0.921034932137
620.0 0.387389719486 0.924395143986
621.0 0.390041679144 0.921622991562
622.0 0.388987421989 0.922379016876
623.0 0.390701711178 0.919522821903
624.0 0.385672867298 0.924815177917
625.0 0.387269496918 0.924395143986
626.0 0.390518158674 0.920614898205
627.0 0.388474196196 0.921958982944
628.0 0.387061744928 0.923639118671
629.0 0.384882688522 0.927083313465
630.0 0.388079583645 0.92321908474
631.0 0.390548050404 0.920362889767
632.0 0.386863291264 0.924311161041
633.0 0.386448264122 0.924899220467
634.0 0.386031776667 0.925823271275
635.0 0.385608464479 0.925235211849
636.0 0.384454876184 0.926495313644
637.0 0.387247979641 0.923975110054
638.0 0.388808965683 0.922799050808
639.0 0.388044506311 0.922715067863
640.0 0.386969327927 0.923975110054
641.0 0.399670004845 0.910030245781
642.0 0.397977352142 0.912886440754
643.0 0.397798597813 0.913894474506
644.0 0.399621039629 0.910618305206
645.0 0.402042925358 0.908182144165
646.0 0.400478363037 0.909610211849
647.0 0.394965827465 0.914566516876
648.0 0.396721303463 0.913054406643
649.0 0.399296760559 0.910702288151
650.0 0.397643357515 0.913222432137
651.0 0.40047070384 0.908938169479
652.0 0.39921939373 0.910618305206
653.0 0.398566365242 0.912298381329
654.0 0.401256918907 0.909358203411
655.0 0.399991601706 0.910870313644
656.0 0.396649509668 0.913726449013
657.0 0.397091448307 0.912802398205
658.0 0.398322105408 0.910198271275
659.0 0.399087280035 0.910786271095
660.0 0.395965576172 0.9140625
661.0 0.401515543461 0.907510101795
662.0 0.395375281572 0.914230525494
663.0 0.395975708961 0.915490567684
664.0 0.398946851492 0.910282254219
665.0 0.401293218136 0.909778237343
666.0 0.390651136637 0.921370983124
667.0 0.397680014372 0.913306474686
668.0 0.397283196449 0.91339045763
669.0 0.396704733372 0.913054406643
670.0 0.40174049139 0.908854186535
671.0 0.399803131819 0.909358203411
672.0 0.394863754511 0.914902567863
673.0 0.394532799721 0.915658593178
674.0 0.400122255087 0.910450279713
675.0 0.402805536985 0.906166017056
676.0 0.397120028734 0.91271841526
677.0 0.394371062517 0.91607862711
678.0 0.394353508949 0.917002677917
679.0 0.395890891552 0.913978517056
680.0 0.397066146135 0.912802398205
681.0 0.395777702332 0.914314508438
682.0 0.39961206913 0.909274220467
683.0 0.400958180428 0.908350110054
684.0 0.398820966482 0.911458313465
685.0 0.393634557724 0.917002677917
686.0 0.398193478584 0.911962389946
687.0 0.39758592844 0.913138449192
688.0 0.40011665225 0.909190177917
689.0 0.39855119586 0.910366237164
690.0 0.39589291811 0.91339045763
691.0 0.392383873463 0.918346762657
692.0 0.401761591434 0.90692204237
693.0 0.393376260996 0.917086720467
694.0 0.398305416107 0.913306474686
695.0 0.398958146572 0.911206305027
696.0 0.393319576979 0.917506694794
697.0 0.397563904524 0.913054406643
698.0 0.400400906801 0.909274220467
699.0 0.396981179714 0.91204637289
700.0 0.396391421556 0.914482533932
701.0 0.395586311817 0.914818525314
702.0 0.396402299404 0.913558483124
703.0 0.396767854691 0.91339045763
704.0 0.396914154291 0.912382364273
705.0 0.392171442509 0.919606864452
706.0 0.396759361029 0.913306474686
707.0 0.396200418472 0.913558483124
708.0 0.395785659552 0.914986550808
709.0 0.394719898701 0.915070593357
710.0 0.393920600414 0.917002677917
711.0 0.395988702774 0.914230525494
712.0 0.396803468466 0.913222432137
713.0 0.392511725426 0.917506694794
714.0 0.395352095366 0.915070593357
715.0 0.394588828087 0.915826618671
716.0 0.391263157129 0.919774889946
717.0 0.392721801996 0.918850779533
718.0 0.393474787474 0.917002677917
719.0 0.399951606989 0.910366237164
720.0 0.400340735912 0.909442186356
721.0 0.397410273552 0.911710321903
722.0 0.393751651049 0.917086720467
723.0 0.396061718464 0.914398491383
724.0 0.39663040638 0.913558483124
725.0 0.3933788836 0.917674720287
726.0 0.397515237331 0.913474440575
727.0 0.389199078083 0.921706974506
728.0 0.394573420286 0.917254686356
729.0 0.398813962936 0.911290347576
730.0 0.3967910707 0.913642466068
731.0 0.395471423864 0.914986550808
732.0 0.397432029247 0.912970423698
733.0 0.390869110823 0.920026898384
734.0 0.392200380564 0.918766796589
735.0 0.392223238945 0.918094754219
736.0 0.396989792585 0.913810491562
737.0 0.398869216442 0.91204637289
738.0 0.390678077936 0.919942855835
739.0 0.392577290535 0.919690847397
740.0 0.395815074444 0.9140625
741.0 0.392331689596 0.919690847397
742.0 0.394717752934 0.916162610054
743.0 0.396045804024 0.915070593357
744.0 0.396198421717 0.915238559246
745.0 0.396505117416 0.914314508438
746.0 0.396449297667 0.9140625
747.0 0.392535060644 0.918010771275
748.0 0.391273826361 0.919270813465
749.0 0.392122864723 0.917590737343
750.0 0.390824258327 0.92053091526
751.0 0.396697342396 0.914398491383
752.0 0.39430680871 0.914230525494
753.0 0.393962621689 0.917254686356
754.0 0.396868169308 0.913726449013
755.0 0.392105013132 0.917926728725
756.0 0.389617264271 0.921958982944
757.0 0.395975738764 0.915070593357
758.0 0.390003740788 0.921286940575
759.0 0.391112953424 0.919942855835
760.0 0.393617719412 0.916246652603
761.0 0.391781508923 0.918262779713
762.0 0.394258230925 0.91607862711
763.0 0.388568103313 0.922043025494
764.0 0.390682965517 0.920614898205
765.0 0.393787682056 0.917506694794
766.0 0.392646253109 0.918850779533
767.0 0.394298225641 0.915574610233
768.0 0.389669924974 0.921118974686
769.0 0.39389231801 0.91607862711
770.0 0.393459767103 0.917086720467
771.0 0.39032253623 0.922043025494
772.0 0.390628904104 0.920110881329
773.0 0.391318827868 0.918766796589
774.0 0.388764441013 0.922883093357
775.0 0.390743792057 0.920278906822
776.0 0.392536699772 0.918346762657
777.0 0.389992535114 0.919942855835
778.0 0.392981737852 0.918010771275
779.0 0.392704159021 0.916582643986
780.0 0.390139430761 0.920614898205
781.0 0.389096528292 0.921875
782.0 0.391611158848 0.918178737164
783.0 0.394731611013 0.915574610233
784.0 0.39076808095 0.920194864273
785.0 0.39011913538 0.921034932137
786.0 0.392876982689 0.917422711849
787.0 0.394503235817 0.916414678097
788.0 0.393865317106 0.917254686356
789.0 0.395012408495 0.916414678097
790.0 0.392771601677 0.917422711849
