0.0 0.593390405178 0.691112220287
1.0 0.519720137119 0.785198271275
2.0 0.508116304874 0.796286940575
3.0 0.497793108225 0.807291686535
4.0 0.496010243893 0.81115591526
5.0 0.492163419724 0.814600110054
6.0 0.491451561451 0.815272152424
7.0 0.490585774183 0.815692186356
8.0 0.485807985067 0.819724440575
9.0 0.48106867075 0.823672711849
10.0 0.479141563177 0.825688838959
11.0 0.48083743453 0.826444864273
12.0 0.481373935938 0.824428737164
13.0 0.477711498737 0.829217076302
14.0 0.480823487043 0.825604856014
15.0 0.474503785372 0.831821262836
16.0 0.477091014385 0.829637110233
17.0 0.471717596054 0.835517466068
18.0 0.469854384661 0.836693525314
19.0 0.477036207914 0.830225110054
20.0 0.47707682848 0.828965067863
21.0 0.472428709269 0.833585321903
22.0 0.474782466888 0.833081305027
23.0 0.475092679262 0.832493305206
24.0 0.468289256096 0.838457643986
25.0 0.474219501019 0.831149220467
26.0 0.467529267073 0.840305805206
27.0 0.470102220774 0.835685491562
28.0 0.468089163303 0.840557813644
29.0 0.476818919182 0.830561161041
30.0 0.4664067626 0.841649889946
31.0 0.475917249918 0.829637110233
32.0 0.467639356852 0.837869644165
33.0 0.470112532377 0.836273491383
34.0 0.468107044697 0.838121652603
35.0 0.46713745594 0.839465737343
36.0 0.469144582748 0.836693525314
37.0 0.470458775759 0.834089398384
38.0 0.463256299496 0.84442204237
39.0 0.465845257044 0.841397821903
40.0 0.465543597937 0.841901898384
41.0 0.464415490627 0.841985881329
42.0 0.465691149235 0.840809822083
43.0 0.463075131178 0.843918025494
44.0 0.460521697998 0.845598101616
45.0 0.46654304862 0.841229856014
46.0 0.464139908552 0.842909932137
47.0 0.463911950588 0.841901898384
48.0 0.463614732027 0.842909932137
49.0 0.469979822636 0.836357533932
50.0 0.461266577244 0.844926059246
51.0 0.457308411598 0.848874330521
52.0 0.458186805248 0.849798381329
53.0 0.46150124073 0.845514118671
54.0 0.460912793875 0.845598101616
55.0 0.467267423868 0.836441516876
56.0 0.457041800022 0.849126338959
57.0 0.460566818714 0.846774220467
58.0 0.465873301029 0.839801728725
59.0 0.460411071777 0.847698271275
60.0 0.469387888908 0.836105525494
61.0 0.458500593901 0.848286271095
62.0 0.460433930159 0.845598101616
63.0 0.459844321012 0.843666017056
64.0 0.455353617668 0.852486550808
65.0 0.456386864185 0.850638449192
66.0 0.454195439816 0.851982533932
67.0 0.463495016098 0.84173387289
68.0 0.459819018841 0.847110211849
69.0 0.46021258831 0.846018135548
70.0 0.463111966848 0.84375
71.0 0.457142412663 0.848874330521
72.0 0.464125841856 0.840305805206
73.0 0.457914829254 0.849378347397
74.0 0.459414035082 0.846438169479
75.0 0.461205422878 0.84442204237
76.0 0.45686045289 0.849882364273
77.0 0.458871871233 0.846102178097
78.0 0.460420459509 0.845262110233
79.0 0.459899246693 0.845850110054
80.0 0.455955147743 0.85021841526
81.0 0.456971943378 0.848538279533
82.0 0.455092608929 0.85089045763
83.0 0.453846305609 0.853074610233
84.0 0.452947109938 0.853158593178
85.0 0.453143537045 0.852822601795
86.0 0.45599886775 0.849882364273
87.0 0.456853300333 0.848118305206
88.0 0.4607437253 0.84509408474
89.0 0.459864288568 0.847698271275
90.0 0.455004662275 0.849798381329
91.0 0.45764541626 0.849042356014
92.0 0.455692052841 0.849798381329
93.0 0.451117277145 0.855090737343
94.0 0.452433764935 0.852570593357
95.0 0.455318570137 0.852654576302
96.0 0.452472269535 0.852402567863
97.0 0.455521076918 0.853326618671
98.0 0.45494645834 0.849630355835
99.0 0.450016230345 0.856266796589
100.0 0.452890217304 0.852486550808
101.0 0.45128980279 0.854838728905
102.0 0.456602156162 0.848370313644
103.0 0.454673081636 0.849294364452
104.0 0.448607653379 0.856686830521
105.0 0.455470353365 0.849798381329
106.0 0.453555166721 0.853074610233
107.0 0.453204363585 0.853914678097
108.0 0.456215530634 0.850386440754
109.0 0.450147032738 0.856938838959
110.0 0.452837020159 0.85290658474
111.0 0.456765413284 0.848538279533
112.0 0.456074208021 0.849882364273
113.0 0.452629327774 0.852990567684
114.0 0.454924315214 0.851310491562
115.0 0.450421452522 0.856182813644
116.0 0.448352903128 0.857694864273
117.0 0.452997118235 0.853326618671
118.0 0.452353149652 0.856434822083
119.0 0.452223390341 0.855510771275
120.0 0.452774941921 0.853410601616
121.0 0.446864247322 0.859710991383
122.0 0.448470443487 0.858282923698
123.0 0.448877364397 0.858366906643
124.0 0.455014705658 0.852570593357
125.0 0.453427016735 0.85223454237
126.0 0.451552987099 0.854838728905
127.0 0.448857426643 0.857778906822
128.0 0.454835653305 0.849462389946
129.0 0.451483607292 0.853998661041
130.0 0.454538494349 0.849042356014
131.0 0.449466824532 0.856266796589
132.0 0.449675887823 0.856602847576
133.0 0.446315765381 0.859122991562
134.0 0.51222717762 0.788978517056
135.0 0.48310303688 0.820900559425
136.0 0.461067646742 0.844170033932
137.0 0.45342078805 0.85223454237
138.0 0.453810304403 0.851814508438
139.0 0.447473913431 0.859458982944
140.0 0.449964761734 0.854082643986
141.0 0.444625735283 0.861055135727
142.0 0.440580189228 0.865507364273
143.0 0.443771511316 0.86071908474
144.0 0.44114947319 0.865675389767
145.0 0.442324101925 0.863911271095
146.0 0.443484097719 0.862819194794
147.0 0.441975414753 0.86517137289
148.0 0.43540135026 0.869707643986
149.0 0.443065136671 0.861979186535
150.0 0.434233993292 0.873403906822
151.0 0.442326426506 0.864331305027
152.0 0.442841261625 0.862735211849
153.0 0.441668123007 0.863659262657
154.0 0.440849423409 0.864919364452
155.0 0.435439318419 0.872311830521
156.0 0.438082695007 0.869287610054
157.0 0.436449110508 0.870799720287
158.0 0.434163331985 0.872815847397
159.0 0.436073988676 0.870043694973
160.0 0.435655653477 0.870211720467
161.0 0.434846937656 0.871471762657
162.0 0.431645125151 0.875168025494
163.0 0.435455411673 0.869875669479
164.0 0.433697849512 0.874916017056
165.0 0.435540795326 0.871807813644
166.0 0.436861664057 0.86920362711
167.0 0.435726374388 0.872563838959
168.0 0.437590330839 0.869455635548
169.0 0.435943096876 0.870127677917
170.0 0.431605309248 0.875083982944
171.0 0.437540322542 0.86920362711
172.0 0.433448761702 0.872815847397
173.0 0.435166746378 0.871387779713
174.0 0.431554406881 0.875335991383
175.0 0.437437295914 0.869287610054
176.0 0.431214481592 0.874663949013
177.0 0.433990806341 0.872059822083
178.0 0.432309389114 0.873571932316
179.0 0.431480228901 0.875588059425
180.0 0.436781406403 0.870631694794
181.0 0.430188953876 0.877772152424
182.0 0.429188728333 0.877352178097
183.0 0.43153065443 0.875840067863
184.0 0.433879941702 0.871891796589
185.0 0.430801898241 0.875504016876
186.0 0.433490902185 0.872479856014
187.0 0.431025266647 0.875504016876
188.0 0.431000977755 0.876932144165
189.0 0.433317244053 0.874579966068
190.0 0.431811124086 0.873235881329
191.0 0.432755053043 0.873739898205
192.0 0.430227577686 0.876176059246
193.0 0.432026654482 0.874579966068
194.0 0.429459691048 0.877352178097
195.0 0.432834118605 0.874831974506
196.0 0.429483771324 0.877436161041
197.0 0.430129349232 0.877772152424
198.0 0.431805074215 0.875924050808
199.0 0.431081146002 0.875756025314
200.0 0.432499587536 0.874916017056
201.0 0.428078562021 0.878948271275
202.0 0.43337187171 0.873151898384
203.0 0.42981621623 0.876848101616
204.0 0.432183861732 0.874411940575
205.0 0.430688261986 0.875924050808
206.0 0.430846631527 0.87567204237
207.0 0.431091457605 0.87634408474
208.0 0.429804742336 0.877352178097
209.0 0.432802289724 0.874075949192
210.0 0.429766118526 0.876764118671
211.0 0.42535752058 0.882224440575
212.0 0.42842310667 0.877940177917
213.0 0.430683135986 0.876176059246
214.0 0.428105086088 0.878108203411
215.0 0.426653802395 0.88079637289
216.0 0.430898249149 0.876764118671
217.0 0.427689135075 0.88079637289
218.0 0.435444742441 0.870799720287
219.0 0.429056584835 0.878864228725
220.0 0.432646512985 0.872899889946
221.0 0.431029081345 0.877184152603
222.0 0.428901106119 0.877604186535
223.0 0.432609051466 0.873823940754
224.0 0.432484984398 0.873991906643
225.0 0.42818570137 0.879956305027
226.0 0.428807079792 0.878780245781
227.0 0.430415689945 0.877436161041
228.0 0.424716949463 0.8828125
229.0 0.428372710943 0.878276228905
230.0 0.427499622107 0.880124330521
231.0 0.427651196718 0.880460321903
232.0 0.43193218112 0.876512110233
233.0 0.429351955652 0.878108203411
234.0 0.429612636566 0.87701612711
235.0 0.427296102047 0.881048381329
236.0 0.429019719362 0.878360211849
237.0 0.430388450623 0.876932144165
238.0 0.432391613722 0.874579966068
239.0 0.423612654209 0.882728517056
240.0 0.425447851419 0.881384432316
241.0 0.428584039211 0.879032254219
242.0 0.430166423321 0.876848101616
243.0 0.427021712065 0.879284262657
244.0 0.426627665758 0.881300389767
245.0 0.425434529781 0.882560491562
246.0 0.427788317204 0.879452288151
247.0 0.423964500427 0.882644474506
248.0 0.425825029612 0.880124330521
249.0 0.425697475672 0.882476449013
250.0 0.424732506275 0.881720423698
251.0 0.428348332644 0.879452288151
252.0 0.425422430038 0.881888449192
253.0 0.427488833666 0.880292356014
254.0 0.429888010025 0.877520143986
255.0 0.42809599638 0.877940177917
256.0 0.427194416523 0.879872322083
257.0 0.427926331758 0.878276228905
258.0 0.42583540082 0.880712389946
259.0 0.42875918746 0.878024220467
260.0 0.429347157478 0.87701612711
261.0 0.423553496599 0.884072601795
262.0 0.427894026041 0.879536271095
263.0 0.429534345865 0.877688169479
264.0 0.430613934994 0.87567204237
265.0 0.425055444241 0.881972432137
266.0 0.436776846647 0.869371652603
267.0 0.426127970219 0.880040347576
268.0 0.427398651838 0.880292356014
269.0 0.425016820431 0.883316516876
270.0 0.422126322985 0.884072601795
271.0 0.431007057428 0.876176059246
272.0 0.425296604633 0.882644474506
273.0 0.424377679825 0.883652567863
274.0 0.425816774368 0.881048381329
275.0 0.427625566721 0.879284262657
276.0 0.427658319473 0.880292356014
277.0 0.426674962044 0.879284262657
278.0 0.428567796946 0.878612220287
279.0 0.426752150059 0.879704296589
280.0 0.429392367601 0.877100110054
281.0 0.429098874331 0.877856194973
282.0 0.424037963152 0.882728517056
283.0 0.42458358407 0.881888449192
284.0 0.422886908054 0.884492635727
285.0 0.422821819782 0.884912610054
286.0 0.428675830364 0.877772152424
287.0 0.429356455803 0.87701612711
288.0 0.426652818918 0.880124330521
289.0 0.431027412415 0.875168025494
290.0 0.424607723951 0.882308483124
291.0 0.429184615612 0.878276228905
292.0 0.42932626605 0.876680135727
293.0 0.420837819576 0.886508762836
294.0 0.426741778851 0.88214045763
295.0 0.42576149106 0.880628347397
296.0 0.422401428223 0.88415658474
297.0 0.423478007317 0.883988559246
298.0 0.42568513751 0.883148491383
299.0 0.425972938538 0.880628347397
300.0 0.424337029457 0.883904576302
301.0 0.427889168262 0.879452288151
302.0 0.426784068346 0.880292356014
303.0 0.424152344465 0.881888449192
304.0 0.42389896512 0.881804406643
305.0 0.426734685898 0.879536271095
306.0 0.424492567778 0.8828125
307.0 0.423245310783 0.884576618671
308.0 0.421615362167 0.885920703411
309.0 0.42223751545 0.883652567863
310.0 0.425947666168 0.882476449013
311.0 0.424053549767 0.884576618671
312.0 0.424639701843 0.883148491383
313.0 0.424992024899 0.88348454237
314.0 0.425556391478 0.880544364452
315.0 0.424613833427 0.882644474506
316.0 0.423692643642 0.883232533932
317.0 0.424274682999 0.882644474506
318.0 0.425075411797 0.883148491383
319.0 0.423920035362 0.88348454237
320.0 0.423901021481 0.882980525494
321.0 0.429390460253 0.879116237164
322.0 0.426116615534 0.880544364452
323.0 0.426857620478 0.881300389767
324.0 0.424971908331 0.881972432137
325.0 0.423305481672 0.883988559246
326.0 0.426177024841 0.881132364273
327.0 0.424984395504 0.88214045763
328.0 0.426060706377 0.880292356014
329.0 0.420546084642 0.886928737164
330.0 0.42716345191 0.880040347576
331.0 0.426548421383 0.880964398384
332.0 0.424965441227 0.883652567863
333.0 0.423213005066 0.883988559246
334.0 0.42502912879 0.883316516876
335.0 0.424026846886 0.883988559246
336.0 0.428041815758 0.879200279713
337.0 0.424417734146 0.88348454237
338.0 0.421598702669 0.887012779713
339.0 0.423665046692 0.884996652603
340.0 0.423067122698 0.884576618671
341.0 0.424255907536 0.883820593357
342.0 0.41959798336 0.888272821903
343.0 0.416624158621 0.89264112711
344.0 0.41872382164 0.888188838959
345.0 0.424019485712 0.883148491383
346.0 0.422017812729 0.884744644165
347.0 0.422648727894 0.88482862711
348.0 0.42272618413 0.884324610233
349.0 0.420726925135 0.887432813644
350.0 0.420268446207 0.887600779533
351.0 0.421777248383 0.886256694794
352.0 0.422615796328 0.884324610233
353.0 0.425642251968 0.882560491562
354.0 0.426214784384 0.880628347397
355.0 0.425994753838 0.882224440575
356.0 0.420802175999 0.885584652424
357.0 0.422150999308 0.887516796589
358.0 0.422726005316 0.88415658474
359.0 0.421664685011 0.885668694973
360.0 0.417173027992 0.890708982944
361.0 0.421218365431 0.885836720467
362.0 0.420778870583 0.886004686356
363.0 0.422738939524 0.884324610233
364.0 0.420209735632 0.887180805206
365.0 0.419387370348 0.888524889946
366.0 0.421178102493 0.886508762836
367.0 0.424979001284 0.88348454237
368.0 0.420693308115 0.886340737343
369.0 0.422582387924 0.886172711849
370.0 0.423316121101 0.884996652603
371.0 0.422049701214 0.887180805206
372.0 0.42020457983 0.888692855835
373.0 0.421900182962 0.885080635548
374.0 0.419336885214 0.888524889946
375.0 0.419936180115 0.889112889767
376.0 0.421549528837 0.887264788151
377.0 0.42103934288 0.886088728905
378.0 0.420536279678 0.887936830521
379.0 0.424436807632 0.8828125
380.0 0.421839147806 0.886088728905
381.0 0.422397077084 0.884744644165
382.0 0.420530229807 0.88860887289
383.0 0.41719982028 0.891045033932
384.0 0.417084902525 0.890036940575
385.0 0.421032577753 0.886592745781
386.0 0.421182066202 0.886928737164
387.0 0.423866182566 0.8828125
388.0 0.418965131044 0.889784932137
389.0 0.419508725405 0.888356864452
390.0 0.422824978828 0.884072601795
391.0 0.422863543034 0.885920703411
392.0 0.420574605465 0.886676728725
393.0 0.422843635082 0.883568525314
394.0 0.418646752834 0.888104856014
395.0 0.422583192587 0.883988559246
396.0 0.420049577951 0.887684822083
397.0 0.423128217459 0.885584652424
398.0 0.416743695736 0.89129704237
399.0 0.419855087996 0.885836720467
400.0 0.420004308224 0.887684822083
401.0 0.42001375556 0.887684822083
402.0 0.418591171503 0.890372991562
403.0 0.422803729773 0.885584652424
404.0 0.419472754002 0.887264788151
405.0 0.419381856918 0.887600779533
406.0 0.422732532024 0.883148491383
407.0 0.4221149683 0.884576618671
408.0 0.417365193367 0.889700949192
409.0 0.419554710388 0.889196932316
410.0 0.421956777573 0.887600779533
411.0 0.422091275454 0.884576618671
412.0 0.418637543917 0.887264788151
413.0 0.418583899736 0.888020813465
414.0 0.416729420424 0.892137110233
415.0 0.420132875443 0.886424720287
416.0 0.41551053524 0.893397152424
417.0 0.419399559498 0.888356864452
418.0 0.419161021709 0.888860881329
419.0 0.422375947237 0.885248661041
420.0 0.421356528997 0.885668694973
421.0 0.419617235661 0.888524889946
422.0 0.422957718372 0.883148491383
423.0 0.42098981142 0.887768805027
424.0 0.420900732279 0.886760771275
425.0 0.423047423363 0.884408593178
426.0 0.419039160013 0.88860887289
427.0 0.416278332472 0.892137110233
428.0 0.42376896739 0.884744644165
429.0 0.417757630348 0.889868974686
430.0 0.419366240501 0.888104856014
431.0 0.422282665968 0.885920703411
432.0 0.415682226419 0.892557144165
433.0 0.421247452497 0.887852847576
434.0 0.423663020134 0.884660601616
435.0 0.41875526309 0.889196932316
436.0 0.419464677572 0.888692855835
437.0 0.418620049953 0.888860881329
438.0 0.419188588858 0.888692855835
439.0 0.420306622982 0.888104856014
440.0 0.422168374062 0.884240567684
441.0 0.416642189026 0.892557144165
442.0 0.418010294437 0.889700949192
443.0 0.419751286507 0.888524889946
444.0 0.420689582825 0.885416686535
445.0 0.41868904233 0.888692855835
446.0 0.418545514345 0.889700949192
447.0 0.418060541153 0.890793025494
448.0 0.420990347862 0.887600779533
449.0 0.415875762701 0.891465067863
450.0 0.419019281864 0.888356864452
451.0 0.419593036175 0.888944864273
452.0 0.413426846266 0.896253347397
453.0 0.419347047806 0.888524889946
454.0 0.417678058147 0.889532923698
455.0 0.423964679241 0.882308483124
456.0 0.419748991728 0.888524889946
457.0 0.419051170349 0.889448940754
458.0 0.419674277306 0.887516796589
459.0 0.416960269213 0.890960991383
460.0 0.420586794615 0.889028906822
461.0 0.419802516699 0.888104856014
462.0 0.420737057924 0.887936830521
463.0 0.414379000664 0.893397152424
464.0 0.418510764837 0.888776898384
465.0 0.424649447203 0.884408593178
466.0 0.419973641634 0.888944864273
467.0 0.42151761055 0.885668694973
468.0 0.422864973545 0.884912610054
469.0 0.416782468557 0.890877008438
470.0 0.417874485254 0.891129016876
471.0 0.418440759182 0.889784932137
472.0 0.418791949749 0.890372991562
473.0 0.422972738743 0.883820593357
474.0 0.415018439293 0.893397152424
475.0 0.417571902275 0.891465067863
476.0 0.422323822975 0.885584652424
477.0 0.415969073772 0.892557144165
478.0 0.422604948282 0.884408593178
479.0 0.419973552227 0.887264788151
480.0 0.419879734516 0.888272821903
481.0 0.419301599264 0.887852847576
482.0 0.421652883291 0.885416686535
483.0 0.418035984039 0.890960991383
484.0 0.41552054882 0.891129016876
485.0 0.416310220957 0.891801059246
486.0 0.416845411062 0.889868974686
487.0 0.423395335674 0.883820593357
488.0 0.417702615261 0.889532923698
489.0 0.418627589941 0.890204966068
490.0 0.422332644463 0.884912610054
491.0 0.421450078487 0.884660601616
492.0 0.415986180305 0.890793025494
493.0 0.421732217073 0.885416686535
494.0 0.418689846992 0.88928091526
495.0 0.41519099474 0.894741237164
496.0 0.418154716492 0.890541017056
497.0 0.418164491653 0.888524889946
498.0 0.416717767715 0.891381025314
499.0 0.416423022747 0.892305135727
500.0 0.417080461979 0.891717076302
501.0 0.419052124023 0.888272821903
502.0 0.418916225433 0.890541017056
503.0 0.421055674553 0.886928737164
504.0 0.41651687026 0.891633093357
505.0 0.419703215361 0.889616906643
506.0 0.418227642775 0.889616906643
507.0 0.420140981674 0.887600779533
508.0 0.417362183332 0.890120983124
509.0 0.415053546429 0.892557144165
510.0 0.413079917431 0.896337389946
511.0 0.417627185583 0.889364898205
512.0 0.419226974249 0.888356864452
513.0 0.414528131485 0.894069194794
514.0 0.417741835117 0.889700949192
515.0 0.419423669577 0.889616906643
516.0 0.417285144329 0.890708982944
517.0 0.416635543108 0.892893135548
518.0 0.418989688158 0.889028906822
519.0 0.419420719147 0.888020813465
520.0 0.419032484293 0.889196932316
521.0 0.417790561914 0.890708982944
522.0 0.419509112835 0.888944864273
523.0 0.421343147755 0.886424720287
524.0 0.418334633112 0.890877008438
525.0 0.421946793795 0.886676728725
526.0 0.417469054461 0.889784932137
527.0 0.418285131454 0.889616906643
528.0 0.421378910542 0.886760771275
529.0 0.418890058994 0.888944864273
530.0 0.41599085927 0.892305135727
531.0 0.416664451361 0.892221093178
532.0 0.417604416609 0.890625
533.0 0.422929704189 0.884072601795
534.0 0.415226429701 0.893985211849
535.0 0.414924293756 0.893901228905
536.0 0.422676503658 0.884912610054
537.0 0.417606800795 0.891129016876
538.0 0.415316432714 0.893901228905
539.0 0.417164921761 0.890793025494
540.0 0.416636407375 0.892305135727
541.0 0.418882548809 0.890120983124
542.0 0.414737462997 0.893649220467
543.0 0.410789161921 0.898353517056
544.0 0.412908703089 0.895749330521
545.0 0.418077617884 0.891885101795
546.0 0.414044320583 0.895161271095
547.0 0.416843622923 0.890793025494
548.0 0.417827069759 0.889532923698
549.0 0.415459752083 0.891381025314
550.0 0.413339704275 0.894069194794
551.0 0.415604263544 0.893397152424
552.0 0.41664481163 0.891633093357
553.0 0.41841340065 0.888272821903
554.0 0.418168306351 0.890708982944
555.0 0.420126020908 0.886676728725
556.0 0.413760185242 0.895329296589
557.0 0.417520999908 0.891465067863
558.0 0.416029661894 0.891633093357
559.0 0.418724179268 0.889868974686
560.0 0.411315470934 0.896757364273
561.0 0.415043383837 0.893229186535
562.0 0.415967434645 0.891465067863
563.0 0.41700899601 0.890708982944
564.0 0.412584394217 0.894405245781
565.0 0.414310216904 0.894993305206
566.0 0.414433211088 0.893817186356
567.0 0.418498456478 0.889196932316
568.0 0.41461250186 0.892977178097
569.0 0.416567146778 0.892473101616
570.0 0.41885638237 0.889700949192
571.0 0.415155142546 0.894741237164
572.0 0.415423333645 0.892809152603
573.0 0.417385876179 0.891213059425
574.0 0.413625359535 0.895329296589
575.0 0.416438877583 0.891381025314
576.0 0.41504317522 0.892977178097
577.0 0.41243326664 0.895749330521
578.0 0.414879381657 0.894909262657
579.0 0.416209191084 0.891129016876
580.0 0.415145844221 0.892473101616
581.0 0.416413456202 0.890793025494
582.0 0.414771586657 0.894069194794
583.0 0.411368906498 0.896841406822
584.0 0.411032408476 0.898353517056
585.0 0.416204869747 0.894153237343
586.0 0.414969533682 0.893649220467
587.0 0.416707634926 0.892557144165
588.0 0.413948297501 0.895329296589
589.0 0.414014667273 0.894573271275
590.0 0.4171898067 0.890960991383
591.0 0.41611173749 0.893145143986
592.0 0.415201038122 0.893649220467
593.0 0.417892605066 0.890456974506
594.0 0.413939595222 0.894573271275
595.0 0.416775494814 0.890877008438
596.0 0.412780433893 0.895833313465
597.0 0.418130367994 0.889448940754
598.0 0.41090837121 0.897261440754
599.0 0.414374619722 0.894405245781
600.0 0.414647966623 0.894657254219
601.0 0.415228962898 0.894237220287
602.0 0.411552071571 0.896673381329
603.0 0.418480277061 0.890372991562
604.0 0.414319366217 0.895161271095
605.0 0.413284808397 0.895329296589
606.0 0.415619254112 0.891885101795
607.0 0.417163103819 0.891885101795
608.0 0.413064032793 0.894741237164
609.0 0.415398746729 0.893817186356
610.0 0.416929960251 0.891045033932
611.0 0.417951196432 0.891213059425
612.0 0.412226557732 0.896841406822
613.0 0.412780106068 0.895329296589
614.0 0.410461544991 0.897849440575
615.0 0.415022194386 0.892809152603
616.0 0.412725955248 0.895665347576
617.0 0.414535492659 0.894909262657
618.0 0.413425594568 0.896589398384
619.0 0.418855398893 0.889448940754
620.0 0.416683554649 0.891213059425
621.0 0.413717985153 0.894993305206
622.0 0.418611347675 0.890288949013
623.0 0.41584789753 0.892977178097
624.0 0.418013453484 0.889196932316
625.0 0.417138367891 0.891213059425
626.0 0.412932604551 0.895329296589
627.0 0.412334352732 0.896337389946
628.0 0.41858074069 0.890036940575
629.0 0.410318940878 0.89978158474
630.0 0.414973199368 0.894069194794
631.0 0.416777670383 0.892305135727
632.0 0.409134119749 0.89978158474
633.0 0.416268348694 0.892221093178
634.0 0.419741362333 0.88860887289
635.0 0.415780454874 0.893649220467
636.0 0.413699448109 0.895749330521
637.0 0.415095448494 0.893565177917
638.0 0.4146515131 0.893733203411
639.0 0.414022833109 0.895413279533
640.0 0.416870623827 0.892221093178
641.0 0.411349803209 0.896925389767
642.0 0.413527756929 0.894909262657
643.0 0.41493549943 0.893397152424
644.0 0.415295273066 0.892389118671
645.0 0.413115888834 0.89642137289
646.0 0.411750286818 0.896673381329
647.0 0.411560714245 0.896673381329
648.0 0.414464443922 0.893985211849
649.0 0.41063579917 0.898521482944
650.0 0.412145137787 0.895833313465
651.0 0.413415759802 0.894573271275
652.0 0.407673716545 0.901041686535
653.0 0.414702296257 0.894993305206
654.0 0.412364751101 0.89642137289
655.0 0.416942238808 0.892221093178
656.0 0.415524214506 0.893061161041
657.0 0.41348862648 0.895749330521
658.0 0.413023173809 0.895749330521
659.0 0.413117438555 0.896169364452
660.0 0.416312336922 0.892221093178
661.0 0.415458381176 0.892305135727
662.0 0.414550155401 0.894573271275
663.0 0.408946335316 0.899865567684
664.0 0.413320571184 0.894153237343
665.0 0.417338222265 0.891213059425
666.0 0.41560447216 0.893901228905
667.0 0.416731059551 0.891801059246
668.0 0.418891578913 0.890288949013
669.0 0.411773234606 0.897345423698
670.0 0.412682920694 0.895917356014
671.0 0.413421303034 0.894993305206
672.0 0.413847118616 0.895413279533
673.0 0.418153524399 0.889028906822
674.0 0.410080939531 0.899613559246
675.0 0.413672089577 0.895077288151
676.0 0.416909694672 0.891549050808
677.0 0.410081773996 0.898101449013
678.0 0.415103554726 0.893733203411
679.0 0.417052030563 0.891885101795
680.0 0.414927989244 0.894153237343
681.0 0.416127353907 0.892053067684
682.0 0.415763437748 0.892893135548
683.0 0.41447481513 0.893901228905
684.0 0.409422188997 0.898773491383
685.0 0.411264657974 0.897597432137
686.0 0.410504460335 0.898521482944
687.0 0.417290627956 0.892221093178
688.0 0.413860291243 0.894993305206
689.0 0.413853794336 0.895497322083
690.0 0.417379438877 0.89129704237
691.0 0.41711461544 0.890960991383
692.0 0.411163538694 0.896925389767
693.0 0.418180048466 0.890456974506
694.0 0.41294246912 0.896253347397
695.0 0.410038292408 0.898521482944
696.0 0.411881029606 0.898941516876
697.0 0.41244584322 0.896337389946
698.0 0.412156969309 0.896757364273
699.0 0.411722242832 0.895497322083
700.0 0.414488255978 0.894153237343
701.0 0.413737177849 0.895161271095
702.0 0.415220022202 0.893901228905
703.0 0.416481375694 0.892473101616
704.0 0.412508279085 0.89709341526
705.0 0.413211494684 0.895413279533
706.0 0.411656111479 0.896841406822
707.0 0.414911866188 0.893313169479
708.0 0.411333024502 0.898101449013
709.0 0.410418152809 0.898017466068
710.0 0.409868717194 0.899193525314
711.0 0.411259561777 0.897513449192
712.0 0.413354456425 0.895413279533
713.0 0.411050230265 0.898185491562
714.0 0.413449764252 0.893985211849
715.0 0.413171678782 0.896001338959
716.0 0.410932451487 0.896253347397
717.0 0.409572094679 0.90045362711
718.0 0.413095533848 0.895665347576
719.0 0.416706591845 0.892977178097
720.0 0.415228903294 0.892221093178
721.0 0.413628309965 0.894909262657
722.0 0.413383603096 0.895581305027
723.0 0.417449951172 0.89196908474
724.0 0.413196384907 0.895413279533
725.0 0.415959835052 0.892389118671
726.0 0.411452382803 0.89709341526
727.0 0.413048356771 0.895917356014
728.0 0.414827942848 0.894321262836
729.0 0.413371384144 0.895917356014
730.0 0.412616312504 0.893817186356
731.0 0.412408918142 0.897513449192
732.0 0.415311783552 0.894069194794
733.0 0.416976928711 0.891801059246
734.0 0.41492754221 0.894153237343
735.0 0.409725934267 0.898857533932
736.0 0.417749017477 0.890960991383
737.0 0.411300212145 0.898101449013
738.0 0.411187440157 0.898605525494
739.0 0.414152115583 0.894993305206
740.0 0.41322901845 0.894993305206
741.0 0.414894521236 0.893397152424
742.0 0.410330832005 0.899445593357
743.0 0.40650844574 0.902553737164
744.0 0.408250451088 0.900873661041
745.0 0.412774294615 0.896757364273
746.0 0.41010338068 0.898689508438
747.0 0.413980543613 0.894573271275
748.0 0.415102958679 0.893901228905
749.0 0.411203980446 0.897513449192
750.0 0.408572256565 0.900033593178
751.0 0.410295337439 0.89910954237
752.0 0.410624623299 0.898941516876
753.0 0.414155244827 0.893649220467
754.0 0.415526598692 0.893817186356
755.0 0.414421379566 0.894237220287
756.0 0.410453945398 0.897261440754
757.0 0.411114424467 0.897513449192
758.0 0.412392824888 0.895833313465
759.0 0.414156764746 0.893817186356
760.0 0.406564563513 0.902721762657
761.0 0.41109290719 0.897261440754
762.0 0.410805076361 0.899025559425
763.0 0.411603331566 0.89709341526
764.0 0.409932017326 0.8984375
765.0 0.410627067089 0.898857533932
766.0 0.412576287985 0.896589398384
767.0 0.413418650627 0.895161271095
768.0 0.409759163857 0.899529576302
769.0 0.412340432405 0.896001338959
770.0 0.412606298923 0.89642137289
771.0 0.409285396338 0.901293694973
772.0 0.410482704639 0.899193525314
773.0 0.41148558259 0.898269474506
774.0 0.409980684519 0.89978158474
775.0 0.411922127008 0.897933483124
776.0 0.41094532609 0.898353517056
777.0 0.408695191145 0.899865567684
778.0 0.411510974169 0.895749330521
779.0 0.412343710661 0.896841406822
780.0 0.411368995905 0.898101449013
781.0 0.412345647812 0.896253347397
782.0 0.411918789148 0.896841406822
783.0 0.40720397234 0.901797711849
784.0 0.407403230667 0.902049720287
785.0 0.412364512682 0.897513449192
786.0 0.408597677946 0.900705635548
