0.0 0.701785981655 0.519993305206
1.0 0.656758606434 0.615507364273
2.0 0.56865465641 0.74017137289
3.0 0.50611692667 0.807795703411
4.0 0.484410077333 0.828545033932
5.0 0.477966964245 0.832913279533
6.0 0.468980818987 0.843413949013
7.0 0.461514830589 0.849714398384
8.0 0.457718342543 0.853410601616
9.0 0.463898062706 0.84509408474
10.0 0.451667815447 0.857862889767
11.0 0.45478656888 0.856266796589
12.0 0.452242404222 0.856266796589
13.0 0.44925558567 0.86004704237
14.0 0.442580282688 0.866851449013
15.0 0.451046943665 0.858114898205
16.0 0.453658491373 0.854670703411
17.0 0.44919398427 0.860383093357
18.0 0.447382569313 0.862315177917
19.0 0.451095163822 0.857274889946
20.0 0.439794063568 0.868447601795
21.0 0.44950029254 0.856266796589
22.0 0.440226823092 0.86651545763
23.0 0.439436644316 0.868195593357
24.0 0.437998324633 0.869455635548
25.0 0.436414152384 0.870799720287
26.0 0.436406284571 0.870295703411
27.0 0.439709067345 0.868615567684
28.0 0.431226044893 0.876764118671
29.0 0.438342213631 0.871303737164
30.0 0.440380513668 0.867355525494
31.0 0.442502707243 0.864247322083
32.0 0.435962557793 0.871051728725
33.0 0.435646206141 0.872395813465
34.0 0.436081141233 0.871723771095
35.0 0.434203803539 0.873571932316
36.0 0.430780261755 0.87567204237
37.0 0.437651246786 0.869287610054
38.0 0.43739426136 0.868363559246
39.0 0.43357694149 0.874747991562
40.0 0.432495743036 0.875083982944
41.0 0.427068322897 0.880292356014
42.0 0.428071081638 0.880712389946
43.0 0.432829976082 0.875504016876
44.0 0.430674523115 0.877100110054
45.0 0.434782117605 0.871051728725
46.0 0.433121085167 0.874243974686
47.0 0.427280306816 0.88146841526
48.0 0.427345842123 0.878780245781
49.0 0.433029174805 0.874579966068
50.0 0.427303403616 0.880544364452
51.0 0.431211650372 0.876512110233
52.0 0.427332609892 0.880460321903
53.0 0.431146979332 0.876092076302
54.0 0.433054536581 0.874243974686
55.0 0.434980124235 0.873151898384
56.0 0.426597386599 0.880628347397
57.0 0.424996763468 0.884240567684
58.0 0.427497088909 0.878696262836
59.0 0.426846086979 0.881384432316
60.0 0.427085459232 0.880460321903
61.0 0.428864389658 0.87701612711
62.0 0.424225002527 0.884240567684
63.0 0.42637014389 0.880292356014
64.0 0.426092177629 0.880880355835
65.0 0.428264319897 0.879620313644
66.0 0.423390597105 0.883568525314
67.0 0.424340724945 0.885080635548
68.0 0.422605216503 0.885080635548
69.0 0.423322826624 0.885164678097
70.0 0.42593100667 0.881300389767
71.0 0.423781663179 0.884744644165
72.0 0.422666251659 0.884744644165
73.0 0.426262438297 0.880460321903
74.0 0.426937997341 0.879452288151
75.0 0.426069229841 0.881552398205
76.0 0.421688616276 0.886508762836
77.0 0.422847956419 0.886172711849
78.0 0.42243912816 0.88415658474
79.0 0.423931241035 0.883316516876
80.0 0.420979499817 0.886088728905
81.0 0.426250129938 0.880040347576
82.0 0.426578521729 0.878864228725
83.0 0.426819801331 0.882056474686
84.0 0.421724826097 0.885164678097
85.0 0.424523174763 0.882392466068
86.0 0.424154311419 0.88415658474
87.0 0.425489485264 0.881216406822
88.0 0.4268489182 0.880880355835
89.0 0.42536225915 0.879872322083
90.0 0.420893996954 0.887600779533
91.0 0.419898092747 0.888020813465
92.0 0.430317997932 0.875252008438
93.0 0.417571187019 0.891633093357
94.0 0.424709200859 0.883568525314
95.0 0.423811882734 0.883652567863
96.0 0.421664655209 0.885668694973
97.0 0.424270093441 0.882308483124
98.0 0.427219301462 0.879620313644
99.0 0.424381047487 0.881972432137
100.0 0.419341832399 0.889616906643
101.0 0.423075765371 0.884744644165
102.0 0.422453522682 0.885248661041
103.0 0.419981509447 0.887012779713
104.0 0.42176926136 0.885836720467
105.0 0.420247763395 0.887096762657
106.0 0.420737922192 0.887348771095
107.0 0.42186614871 0.885500669479
108.0 0.422158390284 0.885332643986
109.0 0.421238511801 0.886172711849
110.0 0.419317632914 0.887600779533
111.0 0.419793128967 0.887516796589
112.0 0.4198525846 0.887180805206
113.0 0.416220515966 0.892305135727
114.0 0.42020970583 0.887012779713
115.0 0.421956837177 0.885668694973
116.0 0.417450904846 0.889532923698
117.0 0.421249389648 0.884576618671
118.0 0.419701248407 0.887600779533
119.0 0.422629654408 0.88482862711
120.0 0.418842852116 0.886172711849
121.0 0.419382452965 0.887768805027
122.0 0.418708145618 0.889196932316
123.0 0.419704407454 0.889028906822
124.0 0.420497208834 0.887264788151
125.0 0.421772241592 0.885920703411
126.0 0.419096231461 0.887012779713
127.0 0.414783507586 0.893061161041
128.0 0.419178515673 0.887264788151
129.0 0.421339392662 0.88415658474
130.0 0.420122981071 0.885164678097
131.0 0.420202106237 0.886592745781
132.0 0.419833153486 0.886424720287
133.0 0.416798174381 0.890120983124
134.0 0.41947171092 0.885500669479
135.0 0.4163839221 0.891633093357
136.0 0.416550517082 0.891885101795
137.0 0.420613497496 0.886256694794
138.0 0.414931476116 0.893229186535
139.0 0.418937563896 0.888272821903
140.0 0.421172082424 0.886592745781
141.0 0.415593624115 0.892137110233
142.0 0.418353170156 0.890708982944
143.0 0.420063585043 0.888692855835
144.0 0.420921444893 0.886340737343
145.0 0.420124262571 0.888104856014
146.0 0.417694747448 0.888860881329
147.0 0.418186306953 0.890288949013
148.0 0.414449095726 0.893229186535
149.0 0.41515687108 0.892473101616
150.0 0.416632115841 0.890120983124
151.0 0.420315235853 0.887516796589
152.0 0.416299462318 0.892977178097
153.0 0.415054321289 0.893229186535
154.0 0.418756425381 0.88928091526
155.0 0.416907429695 0.890625
156.0 0.417219847441 0.890120983124
157.0 0.418614625931 0.888692855835
158.0 0.414570689201 0.893985211849
159.0 0.416283607483 0.890708982944
160.0 0.417811125517 0.888356864452
161.0 0.417445957661 0.889700949192
162.0 0.416240513325 0.893397152424
163.0 0.417505443096 0.889364898205
164.0 0.416051596403 0.891885101795
165.0 0.415638655424 0.89264112711
166.0 0.418326377869 0.887600779533
167.0 0.418067902327 0.892137110233
168.0 0.414371728897 0.892977178097
169.0 0.415855973959 0.892053067684
170.0 0.412661284208 0.896505355835
171.0 0.416994452477 0.890036940575
172.0 0.416007310152 0.891549050808
173.0 0.412414669991 0.893985211849
174.0 0.412721663713 0.895665347576
175.0 0.417241305113 0.890708982944
176.0 0.417502373457 0.890120983124
177.0 0.41407430172 0.892977178097
178.0 0.416503608227 0.89264112711
179.0 0.416582584381 0.890456974506
180.0 0.412490278482 0.89642137289
181.0 0.413601875305 0.893145143986
182.0 0.415446549654 0.892725110054
183.0 0.418231993914 0.889700949192
184.0 0.417268007994 0.891213059425
185.0 0.414341270924 0.894405245781
186.0 0.414847314358 0.893061161041
187.0 0.416736066341 0.891885101795
188.0 0.417504787445 0.891633093357
189.0 0.420781075954 0.887348771095
190.0 0.412547707558 0.894489228725
191.0 0.411952614784 0.896505355835
192.0 0.416518419981 0.892305135727
193.0 0.41578489542 0.891465067863
194.0 0.41434815526 0.892473101616
195.0 0.411735624075 0.898605525494
196.0 0.415450274944 0.892305135727
197.0 0.418907135725 0.887432813644
198.0 0.413535773754 0.896169364452
199.0 0.411274582148 0.896169364452
200.0 0.418668061495 0.889784932137
201.0 0.414087474346 0.893901228905
202.0 0.413215965033 0.895329296589
203.0 0.415518730879 0.893061161041
204.0 0.414923965931 0.89129704237
205.0 0.41528776288 0.891885101795
206.0 0.411012411118 0.898689508438
207.0 0.407952666283 0.901797711849
208.0 0.411637455225 0.897345423698
209.0 0.417634874582 0.88995295763
210.0 0.414351254702 0.895077288151
211.0 0.415838271379 0.891381025314
212.0 0.417112112045 0.891465067863
213.0 0.411811172962 0.896589398384
214.0 0.40828999877 0.899949610233
215.0 0.410869300365 0.897429406643
216.0 0.414167642593 0.894993305206
217.0 0.414272844791 0.893649220467
218.0 0.416502267122 0.890793025494
219.0 0.416949778795 0.88995295763
220.0 0.412001937628 0.894573271275
221.0 0.414075493813 0.894741237164
222.0 0.411419868469 0.895917356014
223.0 0.413208991289 0.894153237343
224.0 0.40655952692 0.901293694973
225.0 0.410700142384 0.897261440754
226.0 0.410799860954 0.898857533932
227.0 0.413417488337 0.894489228725
228.0 0.406636178493 0.901881694794
229.0 0.409356981516 0.898689508438
230.0 0.412305414677 0.895413279533
231.0 0.414938926697 0.893229186535
232.0 0.41075822711 0.898185491562
233.0 0.413748502731 0.893565177917
234.0 0.41244071722 0.895497322083
235.0 0.41164663434 0.895497322083
236.0 0.40845194459 0.900285601616
237.0 0.412303805351 0.894825279713
238.0 0.414676100016 0.89129704237
239.0 0.411644667387 0.895245313644
240.0 0.41117477417 0.896673381329
241.0 0.410865217447 0.89709341526
242.0 0.410378813744 0.896925389767
243.0 0.411488801241 0.895329296589
244.0 0.412993222475 0.893397152424
245.0 0.412074416876 0.895581305027
246.0 0.413783997297 0.894153237343
247.0 0.406992971897 0.901293694973
248.0 0.408272534609 0.900873661041
249.0 0.411725521088 0.897513449192
250.0 0.409602761269 0.898605525494
251.0 0.411606192589 0.895077288151
252.0 0.407847672701 0.901797711849
253.0 0.413268178701 0.895245313644
254.0 0.414251953363 0.894741237164
255.0 0.415244609118 0.892305135727
256.0 0.409376114607 0.898773491383
257.0 0.411023825407 0.896505355835
258.0 0.406578093767 0.901965737343
259.0 0.411458581686 0.896673381329
260.0 0.408468931913 0.901545703411
261.0 0.412339895964 0.896673381329
262.0 0.411771416664 0.895833313465
263.0 0.4105720222 0.896757364273
264.0 0.410752505064 0.897009432316
265.0 0.412938177586 0.895161271095
266.0 0.407538294792 0.901293694973
267.0 0.410303264856 0.899697601795
268.0 0.409829497337 0.898857533932
269.0 0.406835824251 0.903225779533
270.0 0.412239104509 0.895413279533
271.0 0.408779591322 0.899445593357
272.0 0.407709747553 0.900369644165
273.0 0.409605592489 0.897009432316
274.0 0.411476045847 0.897933483124
275.0 0.410794407129 0.89776545763
276.0 0.406381428242 0.901545703411
277.0 0.407966285944 0.900873661041
278.0 0.405324190855 0.903645813465
279.0 0.405991613865 0.902301728725
280.0 0.407063394785 0.901377677917
281.0 0.409096628428 0.898185491562
282.0 0.412783622742 0.895833313465
283.0 0.413765728474 0.894153237343
284.0 0.408304035664 0.89910954237
285.0 0.409808933735 0.901041686535
286.0 0.411999702454 0.896253347397
287.0 0.408416956663 0.899529576302
288.0 0.41169372201 0.895581305027
289.0 0.410884171724 0.896841406822
290.0 0.406943202019 0.901713728905
291.0 0.405903816223 0.902889788151
292.0 0.415689051151 0.892305135727
293.0 0.406305581331 0.902301728725
294.0 0.409165263176 0.899361550808
295.0 0.409003555775 0.899949610233
296.0 0.406312257051 0.901713728905
297.0 0.407967448235 0.899193525314
298.0 0.412445306778 0.894741237164
299.0 0.408917367458 0.900789678097
300.0 0.407303601503 0.899613559246
301.0 0.410898059607 0.897345423698
302.0 0.407862633467 0.900285601616
303.0 0.406084746122 0.902721762657
304.0 0.408865988255 0.89910954237
305.0 0.406961858273 0.901797711849
306.0 0.406299471855 0.902049720287
307.0 0.409131079912 0.899613559246
308.0 0.408598780632 0.90045362711
309.0 0.40676087141 0.901797711849
310.0 0.406974226236 0.901377677917
311.0 0.406592577696 0.902637779713
312.0 0.409438639879 0.899445593357
313.0 0.404032021761 0.906585991383
314.0 0.405521035194 0.902217745781
315.0 0.408544838428 0.90045362711
316.0 0.405916601419 0.901629686356
317.0 0.408303618431 0.900537610054
318.0 0.4080966115 0.899193525314
319.0 0.410438895226 0.896841406822
320.0 0.408473938704 0.89910954237
321.0 0.408688873053 0.900201618671
322.0 0.407472968102 0.901797711849
323.0 0.407843381166 0.901293694973
324.0 0.408680468798 0.900957643986
325.0 0.408286482096 0.899697601795
326.0 0.405827313662 0.903393805027
327.0 0.401491135359 0.907342076302
328.0 0.406599283218 0.900705635548
329.0 0.410339474678 0.900117635727
330.0 0.408347576857 0.900201618671
331.0 0.408661782742 0.899361550808
332.0 0.40696901083 0.902637779713
333.0 0.406079411507 0.900369644165
334.0 0.405109286308 0.904065847397
335.0 0.403755068779 0.90490591526
336.0 0.406237393618 0.902805805206
337.0 0.407720178366 0.901545703411
338.0 0.40400326252 0.906585991383
339.0 0.407575875521 0.901713728905
340.0 0.409503161907 0.899277567863
341.0 0.40606340766 0.903645813465
342.0 0.407676666975 0.900033593178
343.0 0.408603131771 0.900285601616
344.0 0.406597882509 0.902553737164
345.0 0.409063577652 0.898857533932
346.0 0.407777398825 0.90045362711
347.0 0.407935261726 0.901041686535
348.0 0.405038535595 0.903561830521
349.0 0.405026465654 0.904653906822
350.0 0.406511604786 0.903057813644
351.0 0.410005092621 0.89776545763
352.0 0.405743479729 0.903729856014
353.0 0.40482288599 0.90423387289
354.0 0.407038033009 0.902301728725
355.0 0.40687930584 0.901545703411
356.0 0.405587106943 0.903645813465
357.0 0.407534778118 0.900789678097
358.0 0.4038156569 0.905157923698
359.0 0.404338985682 0.905157923698
360.0 0.406046807766 0.901797711849
361.0 0.406432449818 0.902721762657
362.0 0.407170653343 0.902217745781
363.0 0.404190838337 0.90423387289
364.0 0.40325576067 0.905997991562
365.0 0.40595921874 0.902049720287
366.0 0.406158000231 0.902973771095
367.0 0.408154428005 0.901881694794
368.0 0.403092771769 0.907846093178
369.0 0.403983324766 0.903645813465
370.0 0.402767062187 0.907342076302
371.0 0.407886505127 0.899361550808
372.0 0.405376553535 0.903813838959
373.0 0.402607321739 0.905661940575
374.0 0.402065813541 0.906502008438
375.0 0.404089987278 0.905325949192
376.0 0.407705277205 0.901545703411
377.0 0.403839319944 0.905661940575
378.0 0.407381147146 0.901881694794
379.0 0.40678113699 0.902721762657
380.0 0.401314020157 0.907090067863
381.0 0.401657134295 0.908518135548
382.0 0.406134724617 0.903225779533
383.0 0.407482802868 0.900957643986
384.0 0.407731711864 0.901293694973
385.0 0.404260784388 0.905325949192
386.0 0.406835466623 0.902469754219
387.0 0.409358352423 0.899865567684
388.0 0.405523657799 0.904653906822
389.0 0.410189926624 0.898101449013
390.0 0.404313087463 0.905325949192
391.0 0.402857750654 0.906418025494
392.0 0.406905114651 0.902049720287
393.0 0.405910998583 0.901881694794
394.0 0.401462525129 0.908602178097
395.0 0.402888357639 0.905997991562
396.0 0.403889775276 0.905157923698
397.0 0.407235860825 0.902637779713
398.0 0.405592352152 0.902973771095
399.0 0.400565981865 0.909190177917
400.0 0.407141566277 0.902973771095
401.0 0.405212372541 0.904065847397
402.0 0.402829498053 0.905157923698
403.0 0.406597673893 0.90045362711
404.0 0.40628567338 0.901377677917
405.0 0.407077461481 0.901293694973
406.0 0.401061058044 0.908098101616
407.0 0.397232502699 0.912802398205
408.0 0.401262879372 0.909610211849
409.0 0.406832575798 0.902637779713
410.0 0.406181246042 0.902805805206
411.0 0.407378792763 0.900789678097
412.0 0.405949383974 0.902133762836
413.0 0.404061585665 0.906670033932
414.0 0.401057034731 0.906333982944
415.0 0.401747822762 0.90759408474
416.0 0.404745161533 0.904653906822
417.0 0.404583126307 0.906166017056
418.0 0.40843808651 0.900789678097
419.0 0.407720625401 0.900789678097
420.0 0.402666062117 0.908182144165
421.0 0.406690776348 0.903393805027
422.0 0.403681725264 0.904989898205
423.0 0.404296636581 0.904065847397
424.0 0.398229569197 0.911458313465
425.0 0.402804583311 0.905493974686
426.0 0.404010027647 0.906333982944
427.0 0.403461754322 0.905661940575
428.0 0.398921966553 0.909862220287
429.0 0.403070628643 0.905997991562
430.0 0.403195410967 0.907510101795
431.0 0.406308621168 0.902805805206
432.0 0.402166992426 0.907426059246
433.0 0.404897302389 0.903225779533
434.0 0.403369933367 0.905241906643
435.0 0.403930962086 0.906502008438
436.0 0.401814460754 0.907174050808
437.0 0.403790086508 0.904653906822
438.0 0.404501467943 0.90423387289
439.0 0.404443800449 0.905157923698
440.0 0.402608275414 0.905997991562
441.0 0.400783240795 0.908182144165
442.0 0.401940703392 0.907930135727
443.0 0.40365472436 0.905241906643
444.0 0.400742679834 0.909610211849
445.0 0.405648708344 0.904065847397
446.0 0.403049349785 0.90625
447.0 0.398023843765 0.912550389767
448.0 0.399957686663 0.909442186356
449.0 0.402206391096 0.908350110054
450.0 0.401813536882 0.908686161041
451.0 0.402137070894 0.908182144165
452.0 0.400894671679 0.910534262657
453.0 0.404140025377 0.904989898205
454.0 0.408231556416 0.899277567863
455.0 0.405092954636 0.904065847397
456.0 0.399995207787 0.907846093178
457.0 0.404017537832 0.906333982944
458.0 0.398346096277 0.911962389946
459.0 0.402809590101 0.906754016876
460.0 0.401377350092 0.908014118671
461.0 0.404271274805 0.90557795763
462.0 0.401638656855 0.907846093178
463.0 0.400577634573 0.908770143986
464.0 0.402471274137 0.905913949013
465.0 0.402577847242 0.907846093178
466.0 0.397287875414 0.912802398205
467.0 0.402331441641 0.90826612711
468.0 0.40055462718 0.908854186535
469.0 0.397891044617 0.912382364273
470.0 0.404010802507 0.905829966068
471.0 0.399712026119 0.911290347576
472.0 0.400499910116 0.909610211849
473.0 0.400204390287 0.909274220467
474.0 0.404216259718 0.90490591526
475.0 0.403603374958 0.90423387289
476.0 0.399123907089 0.910030245781
477.0 0.399912506342 0.909862220287
478.0 0.396242827177 0.914314508438
479.0 0.398373872042 0.911038279533
480.0 0.398965030909 0.910534262657
481.0 0.40123552084 0.910366237164
482.0 0.401514738798 0.908014118671
483.0 0.405294269323 0.903645813465
484.0 0.398943662643 0.910450279713
485.0 0.400540560484 0.909778237343
486.0 0.403212755919 0.905661940575
487.0 0.400168180466 0.908938169479
488.0 0.401729941368 0.907258093357
489.0 0.403498262167 0.906418025494
490.0 0.397342354059 0.912970423698
491.0 0.397138297558 0.912634432316
492.0 0.407013505697 0.903309822083
493.0 0.397196084261 0.912466406822
494.0 0.400860518217 0.907678067684
495.0 0.401710927486 0.90692204237
496.0 0.397228389978 0.913222432137
497.0 0.400041997433 0.909610211849
498.0 0.403263777494 0.907174050808
499.0 0.400355309248 0.906502008438
500.0 0.399173855782 0.909610211849
501.0 0.402439653873 0.907846093178
502.0 0.40125221014 0.909442186356
503.0 0.398212432861 0.910618305206
504.0 0.402066886425 0.907426059246
505.0 0.399304538965 0.908854186535
506.0 0.399411201477 0.910870313644
507.0 0.400158762932 0.908350110054
508.0 0.400375366211 0.909778237343
509.0 0.397263228893 0.912634432316
510.0 0.400745630264 0.908434152603
511.0 0.40004247427 0.908686161041
512.0 0.403393089771 0.904653906822
513.0 0.396132141352 0.9140625
514.0 0.40056475997 0.909274220467
515.0 0.401540458202 0.907426059246
516.0 0.39772361517 0.91271841526
517.0 0.401457905769 0.908014118671
518.0 0.400095254183 0.908602178097
519.0 0.403028547764 0.906754016876
520.0 0.401319921017 0.908518135548
521.0 0.401476085186 0.907006025314
522.0 0.399147480726 0.910870313644
523.0 0.401039898396 0.909526228905
524.0 0.400276303291 0.910618305206
525.0 0.402197033167 0.90759408474
526.0 0.399610877037 0.910534262657
527.0 0.393524080515 0.915658593178
528.0 0.400006949902 0.909190177917
529.0 0.405486315489 0.903477847576
530.0 0.401135504246 0.908686161041
531.0 0.40137565136 0.907930135727
532.0 0.400701344013 0.907930135727
533.0 0.397253990173 0.911626338959
534.0 0.399724334478 0.908686161041
535.0 0.39650374651 0.914146482944
536.0 0.401217997074 0.909106194973
537.0 0.402582228184 0.90692204237
538.0 0.398567825556 0.910954296589
539.0 0.402590841055 0.906502008438
540.0 0.404086202383 0.907342076302
541.0 0.398408263922 0.910282254219
542.0 0.400278776884 0.910030245781
543.0 0.403013080359 0.906838059425
544.0 0.400516331196 0.909442186356
545.0 0.400296032429 0.910114228725
546.0 0.402116626501 0.90625
547.0 0.400111079216 0.908938169479
548.0 0.398222267628 0.911878347397
549.0 0.397654145956 0.912634432316
550.0 0.398556321859 0.911542356014
551.0 0.403803914785 0.905745983124
552.0 0.402924090624 0.906502008438
553.0 0.403672277927 0.906838059425
554.0 0.400735229254 0.908854186535
555.0 0.404419928789 0.905241906643
556.0 0.402990430593 0.905997991562
557.0 0.403238922358 0.905661940575
558.0 0.399073719978 0.911458313465
559.0 0.398650288582 0.911038279533
560.0 0.401286780834 0.908854186535
561.0 0.400861173868 0.907510101795
562.0 0.399861484766 0.911038279533
563.0 0.39856749773 0.912550389767
564.0 0.398339480162 0.912130355835
565.0 0.402472436428 0.907678067684
566.0 0.401254177094 0.907510101795
567.0 0.404326319695 0.904737889767
568.0 0.397807121277 0.910786271095
569.0 0.39929446578 0.910618305206
570.0 0.396913021803 0.91339045763
571.0 0.399799644947 0.910618305206
572.0 0.398031830788 0.91204637289
573.0 0.395982891321 0.914650559425
574.0 0.396445542574 0.913642466068
575.0 0.396980583668 0.91271841526
576.0 0.400434345007 0.909610211849
577.0 0.397556066513 0.912802398205
578.0 0.398575782776 0.912550389767
579.0 0.399184972048 0.911542356014
580.0 0.393584877253 0.917254686356
581.0 0.39354801178 0.916750669479
582.0 0.398046970367 0.912802398205
583.0 0.400215566158 0.909190177917
584.0 0.399538338184 0.911206305027
585.0 0.397255450487 0.912886440754
586.0 0.396363079548 0.913054406643
587.0 0.401128530502 0.907510101795
588.0 0.399353444576 0.910702288151
589.0 0.402874827385 0.906166017056
590.0 0.396528929472 0.913642466068
591.0 0.395403832197 0.915322601795
592.0 0.399482935667 0.909610211849
593.0 0.399862706661 0.909526228905
594.0 0.395877629519 0.915490567684
595.0 0.396323800087 0.9140625
596.0 0.395492047071 0.915658593178
597.0 0.399635642767 0.910786271095
598.0 0.398152053356 0.910450279713
599.0 0.393215596676 0.916834652424
600.0 0.399609476328 0.910450279713
601.0 0.398143202066 0.910198271275
602.0 0.39482691884 0.914314508438
603.0 0.397652417421 0.911710321903
604.0 0.39767447114 0.912970423698
605.0 0.397694528103 0.912634432316
606.0 0.392025440931 0.918850779533
607.0 0.391280293465 0.919270813465
608.0 0.394652217627 0.914986550808
609.0 0.399382382631 0.910702288151
610.0 0.397614389658 0.911038279533
611.0 0.398366957903 0.911710321903
612.0 0.399382352829 0.909862220287
613.0 0.396145313978 0.9140625
614.0 0.391377806664 0.919270813465
615.0 0.394715249538 0.915574610233
616.0 0.397393256426 0.912466406822
617.0 0.397411137819 0.913138449192
618.0 0.399830877781 0.909526228905
619.0 0.401727586985 0.908182144165
620.0 0.396292120218 0.913474440575
621.0 0.398741811514 0.911290347576
622.0 0.395978748798 0.914146482944
623.0 0.398138344288 0.910702288151
624.0 0.389379918575 0.922295033932
625.0 0.396377116442 0.911962389946
626.0 0.395326972008 0.913810491562
627.0 0.396550744772 0.913222432137
628.0 0.392084211111 0.918850779533
629.0 0.395442605019 0.914482533932
630.0 0.397605359554 0.911542356014
631.0 0.398056805134 0.913810491562
632.0 0.39439162612 0.916330635548
633.0 0.396451056004 0.913222432137
634.0 0.395669221878 0.914566516876
635.0 0.395187020302 0.915154576302
636.0 0.39430385828 0.91473454237
637.0 0.394337594509 0.917170703411
638.0 0.396466135979 0.913222432137
639.0 0.395590215921 0.914902567863
640.0 0.395299971104 0.914566516876
641.0 0.392336070538 0.918178737164
642.0 0.393204629421 0.917254686356
643.0 0.395629644394 0.913222432137
644.0 0.393413901329 0.916918694973
645.0 0.396064996719 0.912802398205
646.0 0.395585209131 0.915238559246
647.0 0.390513211489 0.921286940575
648.0 0.391000121832 0.92053091526
649.0 0.393072038889 0.919354856014
650.0 0.392145872116 0.918766796589
651.0 0.394532859325 0.916162610054
652.0 0.393334507942 0.917842745781
653.0 0.395931899548 0.91473454237
654.0 0.399351418018 0.910366237164
655.0 0.398248165846 0.911962389946
656.0 0.391212165356 0.918850779533
657.0 0.395174771547 0.915322601795
658.0 0.391241818666 0.919690847397
659.0 0.394130796194 0.917338728905
660.0 0.39260545373 0.918514788151
661.0 0.39590588212 0.91473454237
662.0 0.393274873495 0.918010771275
663.0 0.392967045307 0.917422711849
664.0 0.393878757954 0.91607862711
665.0 0.395388364792 0.91540658474
666.0 0.389157295227 0.921454966068
667.0 0.394505500793 0.915826618671
668.0 0.391797423363 0.918010771275
669.0 0.389430165291 0.921875
670.0 0.394634753466 0.917842745781
671.0 0.390625506639 0.920698940754
672.0 0.389044553041 0.921958982944
673.0 0.391313970089 0.919102847576
674.0 0.394106924534 0.916582643986
675.0 0.394446581602 0.915322601795
676.0 0.391404539347 0.918766796589
677.0 0.391278296709 0.920278906822
678.0 0.387650281191 0.922967076302
679.0 0.389299809933 0.922799050808
680.0 0.391982287169 0.919942855835
681.0 0.392215281725 0.919186830521
682.0 0.393738240004 0.917170703411
683.0 0.396881610155 0.913054406643
684.0 0.391012340784 0.920782923698
685.0 0.392614424229 0.918010771275
686.0 0.395823419094 0.915574610233
687.0 0.392674326897 0.918262779713
688.0 0.393237650394 0.916750669479
689.0 0.394756525755 0.915658593178
690.0 0.389490306377 0.921538949013
691.0 0.388817995787 0.921706974506
692.0 0.396875321865 0.914566516876
693.0 0.389432072639 0.921118974686
694.0 0.393156945705 0.918430805206
695.0 0.394774377346 0.91540658474
696.0 0.389377951622 0.921706974506
697.0 0.392747730017 0.917674720287
698.0 0.395612955093 0.915154576302
699.0 0.391361147165 0.919606864452
700.0 0.392055422068 0.918514788151
