0.0 0.730120658875 0.508400559425
1.0 0.729384899139 0.508400559425
2.0 0.730431497097 0.507560491562
3.0 0.716534852982 0.527889788151
4.0 0.716293156147 0.528981864452
5.0 0.713573813438 0.530325949192
6.0 0.719558775425 0.52545362711
7.0 0.728799402714 0.512600779533
8.0 0.733240783215 0.501008093357
9.0 0.730169534683 0.512096762657
10.0 0.72742664814 0.511088728905
11.0 0.734322071075 0.503276228905
12.0 0.728022754192 0.515288949013
13.0 0.73016923666 0.509660601616
14.0 0.729499220848 0.506048381329
15.0 0.729723274708 0.504788279533
16.0 0.726856052876 0.509576618671
17.0 0.732987821102 0.503696262836
18.0 0.731137096882 0.505628347397
19.0 0.730679810047 0.500924050808
20.0 0.723677992821 0.510920703411
21.0 0.726672768593 0.511592745781
22.0 0.728156447411 0.507056474686
23.0 0.730622589588 0.507056474686
24.0 0.720707714558 0.517305135727
25.0 0.709336876869 0.544354856014
26.0 0.712385952473 0.542086720467
27.0 0.729287743568 0.513524889946
28.0 0.69897133112 0.558299720287
29.0 0.714717745781 0.533938169479
30.0 0.701450228691 0.550907254219
31.0 0.708797931671 0.540574610233
32.0 0.71224629879 0.539314508438
33.0 0.717957377434 0.528897821903
34.0 0.708029210567 0.538894474506
35.0 0.705277323723 0.546791017056
36.0 0.694649219513 0.569136440754
37.0 0.683978736401 0.576276898384
38.0 0.676108002663 0.592993974686
39.0 0.673756361008 0.595430135727
40.0 0.654543697834 0.618951618671
41.0 0.649945557117 0.624747991562
42.0 0.686037302017 0.576192855835
43.0 0.689482152462 0.574176728725
44.0 0.659709751606 0.615927398205
45.0 0.649145543575 0.629956305027
46.0 0.636651217937 0.651209652424
47.0 0.615065157413 0.675151228905
48.0 0.600813925266 0.695564508438
49.0 0.587806284428 0.709425389767
50.0 0.582302689552 0.718245983124
51.0 0.57794290781 0.723706305027
52.0 0.566706180573 0.73504704237
53.0 0.556793630123 0.745379686356
54.0 0.555217027664 0.750588059425
55.0 0.551809847355 0.752856194973
56.0 0.552156209946 0.754536271095
57.0 0.539843022823 0.765036940575
58.0 0.529306769371 0.776545703411
59.0 0.529115557671 0.776965737343
60.0 0.527699351311 0.778729856014
61.0 0.523670971394 0.783854186535
62.0 0.520911455154 0.786542356014
63.0 0.521072328091 0.785786271095
64.0 0.522604525089 0.783770143986
65.0 0.525219857693 0.782510101795
66.0 0.512490689754 0.791834652424
67.0 0.507782459259 0.799227178097
68.0 0.49658793211 0.810315847397
69.0 0.506428658962 0.800739228725
70.0 0.497770488262 0.810147821903
71.0 0.501117169857 0.805443525314
72.0 0.494700878859 0.813508093357
73.0 0.500395834446 0.807459652424
74.0 0.493900179863 0.815104186535
75.0 0.498600780964 0.808887779713
76.0 0.489459633827 0.819808483124
77.0 0.488220363855 0.819892466068
78.0 0.491488873959 0.815692186356
79.0 0.486769616604 0.821236550808
80.0 0.484086036682 0.824596762657
81.0 0.482569217682 0.82678091526
82.0 0.488364100456 0.819808483124
83.0 0.484042257071 0.823336720467
84.0 0.484478622675 0.823000669479
85.0 0.483802348375 0.823840737343
86.0 0.483905047178 0.822580635548
87.0 0.481260061264 0.826528906822
88.0 0.483522027731 0.825268805027
89.0 0.48635789752 0.822748661041
90.0 0.479875594378 0.829049050808
91.0 0.483490556479 0.825268805027
92.0 0.482390612364 0.828208982944
93.0 0.470080345869 0.837869644165
94.0 0.476252317429 0.832157254219
95.0 0.480303227901 0.826444864273
96.0 0.480152338743 0.825016796589
97.0 0.475281208754 0.830057144165
98.0 0.47605958581 0.830561161041
99.0 0.475276261568 0.834425389767
100.0 0.470812410116 0.83728158474
101.0 0.475114911795 0.833417356014
102.0 0.482769101858 0.827032923698
103.0 0.471508055925 0.8359375
104.0 0.476301431656 0.832241237164
105.0 0.467008024454 0.840977847576
106.0 0.470900416374 0.837533593178
107.0 0.469522714615 0.836357533932
108.0 0.46989274025 0.837449610233
109.0 0.469822883606 0.8359375
110.0 0.465777039528 0.841985881329
111.0 0.467001587152 0.839297711849
112.0 0.470345407724 0.83660954237
113.0 0.464237183332 0.842153906822
114.0 0.466623693705 0.841313838959
115.0 0.466269224882 0.838121652603
116.0 0.459042012691 0.848454296589
117.0 0.471366107464 0.837869644165
118.0 0.466232419014 0.840809822083
119.0 0.470092564821 0.837365567684
120.0 0.471964240074 0.832745313644
121.0 0.465695768595 0.841313838959
122.0 0.468801796436 0.837113559246
123.0 0.466193407774 0.84240591526
124.0 0.464260101318 0.843413949013
125.0 0.470588684082 0.837617635727
126.0 0.46693071723 0.839969754219
127.0 0.462033808231 0.845178067684
128.0 0.466289073229 0.840053737164
129.0 0.467453151941 0.838373661041
130.0 0.463700026274 0.842741906643
131.0 0.465565413237 0.840221762657
132.0 0.466289758682 0.840725779533
133.0 0.468236505985 0.837113559246
134.0 0.462528049946 0.844758093357
135.0 0.461449205875 0.845346093178
136.0 0.458555847406 0.848958313465
137.0 0.462634146214 0.843666017056
138.0 0.460897475481 0.845010101795
139.0 0.464008152485 0.840557813644
140.0 0.463728189468 0.841229856014
141.0 0.460599958897 0.84509408474
142.0 0.464255988598 0.842741906643
143.0 0.459448695183 0.846858203411
144.0 0.461867064238 0.845514118671
145.0 0.46102771163 0.844842076302
146.0 0.459423422813 0.847782254219
147.0 0.462831258774 0.84173387289
148.0 0.455510258675 0.853074610233
149.0 0.458911776543 0.848370313644
150.0 0.456148713827 0.850638449192
151.0 0.461218476295 0.844085991383
152.0 0.461117625237 0.84442204237
153.0 0.461006134748 0.844590067863
154.0 0.458777189255 0.847950279713
155.0 0.456539988518 0.848370313644
156.0 0.456367641687 0.850470423698
157.0 0.462956666946 0.844926059246
158.0 0.455331295729 0.850134432316
159.0 0.455815851688 0.851058483124
160.0 0.459072649479 0.846606194973
161.0 0.453791618347 0.852318525314
162.0 0.455925613642 0.852402567863
163.0 0.454071998596 0.853326618671
164.0 0.452615171671 0.854838728905
165.0 0.457200855017 0.850806474686
166.0 0.456882983446 0.850638449192
167.0 0.456123322248 0.852318525314
168.0 0.454874515533 0.8515625
169.0 0.457748502493 0.849042356014
170.0 0.4527117908 0.853242635727
171.0 0.45704767108 0.847782254219
172.0 0.453518152237 0.853242635727
173.0 0.454610079527 0.851478517056
174.0 0.452933371067 0.8515625
175.0 0.453229218721 0.852570593357
176.0 0.45785471797 0.848874330521
177.0 0.451521754265 0.855930805206
178.0 0.454476594925 0.853242635727
179.0 0.455230087042 0.8515625
180.0 0.454538524151 0.850806474686
181.0 0.449701339006 0.857778906822
182.0 0.455091893673 0.851982533932
183.0 0.454425185919 0.852486550808
184.0 0.453100353479 0.853242635727
185.0 0.454659342766 0.85021841526
186.0 0.456290513277 0.848706305027
187.0 0.456528156996 0.849126338959
188.0 0.450923681259 0.853830635548
189.0 0.454237729311 0.853494644165
190.0 0.449912488461 0.856518805027
191.0 0.449219167233 0.857022821903
192.0 0.453340768814 0.854250669479
193.0 0.455493181944 0.850302398205
194.0 0.448994845152 0.858786940575
195.0 0.450635939837 0.856266796589
196.0 0.451717674732 0.854670703411
197.0 0.453687429428 0.853410601616
198.0 0.449062556028 0.857694864273
199.0 0.449314683676 0.857610881329
200.0 0.454252541065 0.850806474686
201.0 0.451505750418 0.853158593178
202.0 0.451138615608 0.855174720287
203.0 0.45083835721 0.856350779533
204.0 0.45144879818 0.856434822083
205.0 0.448583573103 0.85735887289
206.0 0.451671034098 0.853326618671
207.0 0.445292264223 0.862063169479
208.0 0.446038275957 0.857274889946
209.0 0.452695548534 0.852318525314
210.0 0.453526765108 0.852150559425
211.0 0.450104862452 0.858450949192
212.0 0.449169784784 0.855426728725
213.0 0.450388520956 0.856602847576
214.0 0.448655605316 0.858870983124
215.0 0.449183434248 0.858114898205
216.0 0.449041873217 0.857274889946
217.0 0.450962722301 0.854082643986
218.0 0.447795420885 0.858618974686
219.0 0.452423095703 0.852150559425
220.0 0.446631282568 0.858282923698
221.0 0.453352242708 0.854082643986
222.0 0.445920854807 0.862147152424
223.0 0.447130590677 0.859206974506
224.0 0.44665157795 0.858450949192
225.0 0.446583002806 0.859627008438
226.0 0.446210235357 0.861307144165
227.0 0.449723631144 0.857778906822
228.0 0.447836846113 0.858198940754
229.0 0.447057962418 0.859963059425
230.0 0.446674346924 0.86071908474
231.0 0.450129181147 0.858282923698
232.0 0.448239922523 0.859543025494
233.0 0.446765720844 0.857526898384
234.0 0.447887003422 0.856770813465
235.0 0.446648210287 0.85870295763
236.0 0.445720970631 0.862231194973
237.0 0.451195955276 0.853914678097
238.0 0.445921003819 0.860971093178
239.0 0.448733538389 0.858198940754
240.0 0.447938114405 0.858870983124
241.0 0.44137108326 0.866011440754
242.0 0.444293767214 0.863071262836
243.0 0.444488167763 0.863155245781
244.0 0.444598168135 0.861979186535
245.0 0.451144516468 0.853998661041
246.0 0.443098306656 0.862903237343
247.0 0.443508714437 0.863827288151
248.0 0.441572457552 0.865591406822
249.0 0.441637188196 0.864415347576
250.0 0.442057937384 0.863659262657
251.0 0.451383888721 0.854418694973
252.0 0.444433838129 0.862903237343
253.0 0.442496925592 0.864499330521
254.0 0.44399946928 0.862735211849
255.0 0.447836667299 0.858114898205
256.0 0.444625169039 0.859458982944
257.0 0.443639010191 0.861055135727
258.0 0.44329816103 0.862315177917
259.0 0.444538742304 0.861475110054
260.0 0.439674466848 0.867355525494
261.0 0.444839835167 0.861811161041
262.0 0.442281484604 0.862735211849
263.0 0.443646997213 0.861475110054
264.0 0.443293333054 0.862315177917
265.0 0.448573112488 0.857862889767
266.0 0.441494941711 0.866599440575
267.0 0.444229632616 0.862735211849
268.0 0.440668523312 0.865003347397
269.0 0.442912936211 0.864331305027
270.0 0.442805022001 0.863323271275
271.0 0.44553142786 0.859543025494
272.0 0.440639823675 0.862147152424
273.0 0.443585008383 0.860971093178
274.0 0.444927364588 0.858786940575
275.0 0.448123633862 0.856434822083
276.0 0.440441101789 0.864079296589
277.0 0.43974044919 0.865591406822
278.0 0.440592855215 0.866431474686
279.0 0.442129164934 0.863911271095
280.0 0.438312113285 0.868951618671
281.0 0.439130723476 0.866095423698
282.0 0.449367076159 0.860215067863
283.0 0.445463269949 0.860971093178
284.0 0.441455662251 0.865087389946
285.0 0.443236798048 0.863743305206
286.0 0.443886876106 0.861979186535
287.0 0.444879502058 0.860215067863
288.0 0.442511081696 0.862651228905
289.0 0.443237930536 0.862231194973
290.0 0.440401792526 0.865255355835
291.0 0.436827659607 0.870127677917
292.0 0.44460144639 0.861475110054
293.0 0.436848580837 0.869035601616
294.0 0.440940767527 0.866851449013
295.0 0.444039016962 0.862903237343
296.0 0.438726723194 0.868111550808
297.0 0.439003139734 0.86920362711
298.0 0.440317422152 0.866431474686
299.0 0.443661153316 0.861139118671
300.0 0.438486814499 0.869623661041
301.0 0.439858645201 0.867439508438
302.0 0.441529482603 0.867103517056
303.0 0.441283106804 0.865255355835
304.0 0.44268399477 0.865255355835
305.0 0.435013055801 0.873151898384
306.0 0.436957091093 0.870127677917
307.0 0.439258158207 0.869119644165
308.0 0.439858436584 0.867607533932
309.0 0.439985215664 0.866767466068
310.0 0.438094258308 0.869119644165
311.0 0.439993530512 0.865927398205
312.0 0.438217997551 0.870883762836
313.0 0.437329560518 0.869371652603
314.0 0.438921004534 0.866851449013
315.0 0.438397467136 0.869371652603
316.0 0.431285351515 0.877688169479
317.0 0.442502588034 0.863407254219
318.0 0.434803545475 0.874159932137
319.0 0.442762315273 0.861979186535
320.0 0.439978927374 0.866095423698
321.0 0.438873291016 0.864919364452
322.0 0.437709599733 0.868783593178
323.0 0.437019020319 0.86853158474
324.0 0.438269734383 0.868699610233
325.0 0.442518591881 0.861475110054
326.0 0.440099358559 0.86651545763
327.0 0.434308588505 0.873235881329
328.0 0.440075904131 0.865759432316
329.0 0.442174434662 0.860887110233
330.0 0.440559417009 0.86517137289
331.0 0.441723555326 0.861475110054
332.0 0.440676629543 0.865255355835
333.0 0.439577668905 0.86584341526
334.0 0.436545044184 0.871051728725
335.0 0.437312722206 0.868195593357
336.0 0.434098362923 0.873739898205
337.0 0.441086560488 0.863155245781
338.0 0.434001922607 0.872227847576
339.0 0.437248885632 0.869119644165
340.0 0.438809782267 0.867775559425
341.0 0.437057942152 0.867271482944
342.0 0.436506658792 0.869707643986
343.0 0.435808420181 0.872479856014
344.0 0.439811944962 0.866935491562
345.0 0.43541648984 0.872647821903
346.0 0.439024537802 0.867775559425
347.0 0.434880524874 0.872059822083
348.0 0.431077539921 0.874747991562
349.0 0.435716658831 0.86920362711
350.0 0.435498028994 0.872899889946
351.0 0.440882325172 0.8671875
352.0 0.437446475029 0.866683483124
353.0 0.437766909599 0.867775559425
354.0 0.440311104059 0.867271482944
355.0 0.436280727386 0.870967745781
356.0 0.434072136879 0.872647821903
357.0 0.439151644707 0.86853158474
358.0 0.436913818121 0.869623661041
359.0 0.431938707829 0.876260101795
360.0 0.433379709721 0.875504016876
361.0 0.43258613348 0.874916017056
362.0 0.431642502546 0.877520143986
363.0 0.434237867594 0.872563838959
364.0 0.429513186216 0.879032254219
365.0 0.437940865755 0.870043694973
366.0 0.437891095877 0.870463728905
367.0 0.437806367874 0.868363559246
368.0 0.436591029167 0.869875669479
369.0 0.438600599766 0.867775559425
370.0 0.431250542402 0.877520143986
371.0 0.43749922514 0.867607533932
372.0 0.435851931572 0.869287610054
373.0 0.431561619043 0.874663949013
374.0 0.43416467309 0.872227847576
375.0 0.435941010714 0.869707643986
376.0 0.437566012144 0.868699610233
377.0 0.43283200264 0.875168025494
378.0 0.432401686907 0.87634408474
379.0 0.435103058815 0.872647821903
380.0 0.434676617384 0.872227847576
381.0 0.430266439915 0.877436161041
382.0 0.434970229864 0.872395813465
383.0 0.436143904924 0.868951618671
384.0 0.434339493513 0.873487889767
385.0 0.434976011515 0.871303737164
386.0 0.436930507421 0.869539678097
387.0 0.437287986279 0.867691516876
388.0 0.431763797998 0.876260101795
389.0 0.439790427685 0.867523491383
390.0 0.436021864414 0.871219754219
391.0 0.434156000614 0.871807813644
392.0 0.435122817755 0.872395813465
393.0 0.435328692198 0.870463728905
394.0 0.433996587992 0.872815847397
395.0 0.431819021702 0.876848101616
396.0 0.434917777777 0.871723771095
397.0 0.436263144016 0.871303737164
398.0 0.43064019084 0.876428067684
399.0 0.428383648396 0.879872322083
400.0 0.436353296041 0.869539678097
401.0 0.434232145548 0.871051728725
402.0 0.433300644159 0.87298387289
403.0 0.434823691845 0.871639788151
404.0 0.434211492538 0.874243974686
405.0 0.433777213097 0.874495983124
406.0 0.434743136168 0.874411940575
407.0 0.429376631975 0.878360211849
408.0 0.431422621012 0.874916017056
409.0 0.435755491257 0.870715737343
410.0 0.433150619268 0.873739898205
411.0 0.438532263041 0.868111550808
412.0 0.43315321207 0.875252008438
413.0 0.432558149099 0.875420033932
414.0 0.429598033428 0.876512110233
415.0 0.431872427464 0.875335991383
416.0 0.432106107473 0.876596093178
417.0 0.434261977673 0.874243974686
418.0 0.431360542774 0.876428067684
419.0 0.434444963932 0.871975779533
420.0 0.431928813457 0.874579966068
421.0 0.438630133867 0.868027567863
422.0 0.434212833643 0.874243974686
423.0 0.432102710009 0.875840067863
424.0 0.431031763554 0.875083982944
425.0 0.43038931489 0.87634408474
426.0 0.43145686388 0.875756025314
427.0 0.432211279869 0.875756025314
428.0 0.430342137814 0.876512110233
429.0 0.431659400463 0.875420033932
430.0 0.431349515915 0.876680135727
431.0 0.434795469046 0.872815847397
432.0 0.43228957057 0.872899889946
433.0 0.429669439793 0.878444194794
434.0 0.433373063803 0.872899889946
435.0 0.431856125593 0.875840067863
436.0 0.431699991226 0.873403906822
437.0 0.434767186642 0.871555805206
438.0 0.432644456625 0.871891796589
439.0 0.431419402361 0.875420033932
440.0 0.433969885111 0.873235881329
441.0 0.428087741137 0.879116237164
442.0 0.431931048632 0.873739898205
443.0 0.429948210716 0.875083982944
444.0 0.43175175786 0.874831974506
445.0 0.436375230551 0.869119644165
446.0 0.428569704294 0.879620313644
447.0 0.429098159075 0.879200279713
448.0 0.427722394466 0.879536271095
449.0 0.430610150099 0.876176059246
450.0 0.430369108915 0.877520143986
451.0 0.435603767633 0.870547711849
452.0 0.431998699903 0.873571932316
453.0 0.430340588093 0.875504016876
454.0 0.430272966623 0.876512110233
455.0 0.433814436197 0.872563838959
456.0 0.431236028671 0.874579966068
457.0 0.432308703661 0.874243974686
458.0 0.43089106679 0.874663949013
459.0 0.431212514639 0.876512110233
460.0 0.427518337965 0.880376338959
461.0 0.432794749737 0.872815847397
462.0 0.427631735802 0.879536271095
463.0 0.431999564171 0.875
464.0 0.430016905069 0.877268135548
465.0 0.433085620403 0.87365591526
466.0 0.426769375801 0.88079637289
467.0 0.433082610369 0.875588059425
468.0 0.429019749165 0.877856194973
469.0 0.430392146111 0.877100110054
470.0 0.430624604225 0.876176059246
471.0 0.433338731527 0.874411940575
472.0 0.429281711578 0.877436161041
473.0 0.429318368435 0.879116237164
474.0 0.432002037764 0.876092076302
475.0 0.43259125948 0.874663949013
476.0 0.429262459278 0.878024220467
477.0 0.426691800356 0.879200279713
478.0 0.428528040648 0.879872322083
479.0 0.42943572998 0.877100110054
480.0 0.426908969879 0.879956305027
481.0 0.425595313311 0.882980525494
482.0 0.433871984482 0.873991906643
483.0 0.433858305216 0.874075949192
484.0 0.431039094925 0.876848101616
485.0 0.431618273258 0.876260101795
486.0 0.433211445808 0.871135771275
487.0 0.432895690203 0.875420033932
488.0 0.430219680071 0.877520143986
489.0 0.432357281446 0.87432795763
490.0 0.429352372885 0.877352178097
491.0 0.425719052553 0.88214045763
492.0 0.434379607439 0.873151898384
493.0 0.425140023232 0.881048381329
494.0 0.431091666222 0.876764118671
495.0 0.433862268925 0.872647821903
496.0 0.428395628929 0.879704296589
497.0 0.425944983959 0.882224440575
498.0 0.432961851358 0.875168025494
499.0 0.432584166527 0.875083982944
500.0 0.429091632366 0.879116237164
501.0 0.427727282047 0.88079637289
502.0 0.429581880569 0.878780245781
503.0 0.428013294935 0.880712389946
504.0 0.431921899319 0.875168025494
505.0 0.424464404583 0.882308483124
506.0 0.427100121975 0.88146841526
507.0 0.428864389658 0.879116237164
508.0 0.431155592203 0.876260101795
509.0 0.428752362728 0.880040347576
510.0 0.426549941301 0.882056474686
511.0 0.428406596184 0.878780245781
512.0 0.427793800831 0.882644474506
513.0 0.426070868969 0.880544364452
514.0 0.427823722363 0.880376338959
515.0 0.426385194063 0.880964398384
516.0 0.423191219568 0.885500669479
517.0 0.430583655834 0.879284262657
518.0 0.426103830338 0.881552398205
519.0 0.436659872532 0.870631694794
520.0 0.428427696228 0.879536271095
521.0 0.429732829332 0.876260101795
522.0 0.429271072149 0.878444194794
523.0 0.427091509104 0.880040347576
524.0 0.427567154169 0.881132364273
525.0 0.43083640933 0.875840067863
526.0 0.429322183132 0.878864228725
527.0 0.423034310341 0.883904576302
528.0 0.429270744324 0.878108203411
529.0 0.434166163206 0.873067855835
530.0 0.430297225714 0.87701612711
531.0 0.43140360713 0.875
532.0 0.430223166943 0.875924050808
533.0 0.42826834321 0.879452288151
534.0 0.426625043154 0.88079637289
535.0 0.427042722702 0.878948271275
536.0 0.423749506474 0.88482862711
537.0 0.432935208082 0.875
538.0 0.424209594727 0.885668694973
539.0 0.426122516394 0.88214045763
540.0 0.429679632187 0.877100110054
541.0 0.426400512457 0.88079637289
542.0 0.427470386028 0.881720423698
543.0 0.426483899355 0.881804406643
544.0 0.429332733154 0.878360211849
545.0 0.427049130201 0.880712389946
546.0 0.428665369749 0.879452288151
547.0 0.426263540983 0.88214045763
548.0 0.422187566757 0.885500669479
549.0 0.425005376339 0.883652567863
550.0 0.425828665495 0.881804406643
551.0 0.430688887835 0.876260101795
552.0 0.426433444023 0.881384432316
553.0 0.428350031376 0.881048381329
554.0 0.430863320827 0.876764118671
555.0 0.426647275686 0.880712389946
556.0 0.425166547298 0.88415658474
557.0 0.430926859379 0.876092076302
558.0 0.425468355417 0.881636440754
559.0 0.426478654146 0.881636440754
560.0 0.426292657852 0.881636440754
561.0 0.424789190292 0.882728517056
562.0 0.42411595583 0.88415658474
563.0 0.425379365683 0.882308483124
564.0 0.422890812159 0.884408593178
565.0 0.428664147854 0.879956305027
566.0 0.429433524609 0.878696262836
567.0 0.429835528135 0.879032254219
568.0 0.428025305271 0.878360211849
569.0 0.429474949837 0.878192186356
570.0 0.422918021679 0.882056474686
571.0 0.429635494947 0.877940177917
572.0 0.427230000496 0.88214045763
573.0 0.423008620739 0.885164678097
574.0 0.425098389387 0.88214045763
575.0 0.428629636765 0.877184152603
576.0 0.427766293287 0.879452288151
577.0 0.422187238932 0.885836720467
578.0 0.426094889641 0.881384432316
579.0 0.429115980864 0.87701612711
580.0 0.428347975016 0.878192186356
581.0 0.424903452396 0.881300389767
582.0 0.427160084248 0.879788279533
583.0 0.427519530058 0.879620313644
584.0 0.42757460475 0.880376338959
585.0 0.426098167896 0.882392466068
586.0 0.430438041687 0.87701612711
587.0 0.431086808443 0.875840067863
588.0 0.42425647378 0.884072601795
589.0 0.429571092129 0.879368305206
590.0 0.428253948689 0.879536271095
591.0 0.425756216049 0.883400559425
592.0 0.428066253662 0.877856194973
593.0 0.426861464977 0.881132364273
594.0 0.427858114243 0.877520143986
595.0 0.425359874964 0.8828125
596.0 0.427860945463 0.880628347397
597.0 0.429330527782 0.878696262836
598.0 0.425630807877 0.88146841526
599.0 0.423487007618 0.883652567863
600.0 0.428981274366 0.879452288151
601.0 0.42652502656 0.881300389767
602.0 0.426846623421 0.881216406822
603.0 0.425355345011 0.883148491383
604.0 0.427141547203 0.880712389946
605.0 0.427536666393 0.880712389946
606.0 0.426140248775 0.880208313465
607.0 0.418975204229 0.890625
608.0 0.424387484789 0.883232533932
609.0 0.429017841816 0.877940177917
610.0 0.425064951181 0.881804406643
611.0 0.429249465466 0.879116237164
612.0 0.426189959049 0.881888449192
613.0 0.424401730299 0.884660601616
614.0 0.419389426708 0.888692855835
615.0 0.423999041319 0.88415658474
616.0 0.423214375973 0.886340737343
617.0 0.427975803614 0.879956305027
618.0 0.424083083868 0.88482862711
619.0 0.427686065435 0.879284262657
620.0 0.422784119844 0.885416686535
621.0 0.429044634104 0.879872322083
622.0 0.42659497261 0.882224440575
623.0 0.423925638199 0.883820593357
624.0 0.421432822943 0.885416686535
625.0 0.420922875404 0.887684822083
626.0 0.423961728811 0.882728517056
627.0 0.424439013004 0.883736550808
628.0 0.422969937325 0.885164678097
629.0 0.422989755869 0.885080635548
630.0 0.423037290573 0.885584652424
631.0 0.427344769239 0.880124330521
632.0 0.423770576715 0.882560491562
633.0 0.423293083906 0.883652567863
634.0 0.426017254591 0.881384432316
635.0 0.423799335957 0.884240567684
636.0 0.425278693438 0.88214045763
637.0 0.426268517971 0.879116237164
638.0 0.424596637487 0.883064508438
639.0 0.423887342215 0.885248661041
640.0 0.424810320139 0.884240567684
641.0 0.421425849199 0.887432813644
642.0 0.422619849443 0.885584652424
643.0 0.423054248095 0.885416686535
644.0 0.423479706049 0.884492635727
645.0 0.427734375 0.879284262657
646.0 0.42120757699 0.886004686356
647.0 0.420336455107 0.887768805027
648.0 0.419527292252 0.887684822083
649.0 0.422146469355 0.885668694973
650.0 0.42183354497 0.886844754219
651.0 0.42622166872 0.881636440754
652.0 0.424164891243 0.883652567863
653.0 0.421322852373 0.885836720467
654.0 0.423807412386 0.88348454237
655.0 0.425458341837 0.881384432316
656.0 0.420592725277 0.887096762657
657.0 0.423978328705 0.883904576302
658.0 0.422243624926 0.886256694794
659.0 0.425055295229 0.883148491383
660.0 0.42021843791 0.890204966068
661.0 0.424591481686 0.884240567684
662.0 0.420105487108 0.887936830521
663.0 0.42437338829 0.884072601795
664.0 0.421631932259 0.889532923698
665.0 0.424746453762 0.883820593357
666.0 0.41866633296 0.890120983124
667.0 0.423797428608 0.884744644165
668.0 0.421835333109 0.886340737343
669.0 0.422488868237 0.883568525314
670.0 0.423270940781 0.88482862711
671.0 0.425001710653 0.882560491562
672.0 0.421627819538 0.884324610233
673.0 0.421260923147 0.887348771095
674.0 0.423133820295 0.886004686356
675.0 0.425312995911 0.881300389767
676.0 0.421453118324 0.886928737164
677.0 0.420685559511 0.886928737164
678.0 0.420053184032 0.88860887289
679.0 0.422251999378 0.886928737164
680.0 0.422389417887 0.884408593178
681.0 0.417331397533 0.89264112711
682.0 0.427462786436 0.880880355835
683.0 0.425419360399 0.884240567684
684.0 0.423746287823 0.884408593178
685.0 0.421452969313 0.887096762657
686.0 0.425860583782 0.881636440754
687.0 0.424803197384 0.881552398205
688.0 0.425023436546 0.882728517056
689.0 0.426676690578 0.880964398384
690.0 0.420923799276 0.887684822083
691.0 0.418164640665 0.891213059425
692.0 0.425287753344 0.8828125
693.0 0.417104423046 0.891717076302
694.0 0.423048436642 0.886172711849
695.0 0.425710201263 0.883988559246
696.0 0.422118604183 0.885836720467
697.0 0.419625848532 0.88928091526
698.0 0.423410981894 0.883904576302
699.0 0.426505714655 0.881300389767
700.0 0.420877635479 0.886676728725
701.0 0.421251684427 0.887600779533
702.0 0.422842174768 0.886844754219
703.0 0.420964598656 0.886844754219
704.0 0.425618857145 0.880460321903
705.0 0.418078869581 0.88995295763
706.0 0.418851166964 0.887852847576
707.0 0.421116024256 0.887432813644
708.0 0.422762542963 0.884996652603
709.0 0.419924706221 0.890120983124
710.0 0.418753832579 0.88928091526
711.0 0.421588361263 0.886508762836
712.0 0.42136567831 0.886928737164
713.0 0.418334722519 0.890036940575
714.0 0.420101702213 0.887516796589
715.0 0.419391125441 0.889532923698
716.0 0.416515886784 0.892809152603
717.0 0.422576725483 0.886592745781
718.0 0.418105989695 0.890120983124
719.0 0.425750881433 0.882392466068
720.0 0.424072772264 0.882896482944
721.0 0.424477487803 0.883736550808
722.0 0.423618644476 0.883568525314
723.0 0.421039164066 0.886004686356
724.0 0.423785507679 0.884408593178
725.0 0.425415128469 0.882980525494
726.0 0.42296153307 0.885752677917
727.0 0.416416794062 0.892725110054
728.0 0.424054205418 0.883904576302
729.0 0.427695393562 0.880964398384
730.0 0.424743801355 0.883148491383
731.0 0.425350278616 0.881048381329
732.0 0.424390226603 0.883736550808
733.0 0.422127604485 0.883568525314
734.0 0.419877499342 0.888356864452
735.0 0.420976370573 0.887012779713
736.0 0.419238090515 0.889364898205
737.0 0.425550729036 0.881804406643
738.0 0.417699635029 0.89129704237
739.0 0.416862457991 0.891465067863
740.0 0.423277288675 0.883316516876
741.0 0.420333892107 0.888524889946
742.0 0.420516550541 0.889028906822
743.0 0.419774711132 0.890120983124
744.0 0.42365911603 0.88482862711
745.0 0.420418858528 0.88860887289
746.0 0.421321034431 0.886424720287
747.0 0.418046802282 0.891717076302
748.0 0.416378885508 0.892893135548
749.0 0.417424589396 0.891045033932
750.0 0.41930860281 0.889784932137
751.0 0.422856241465 0.885920703411
752.0 0.420262932777 0.888188838959
753.0 0.420744359493 0.889196932316
754.0 0.421785444021 0.887180805206
755.0 0.419228047132 0.889112889767
756.0 0.418222486973 0.891633093357
757.0 0.424269467592 0.883148491383
758.0 0.418751299381 0.889448940754
759.0 0.417556345463 0.891129016876
760.0 0.418742179871 0.890372991562
761.0 0.418976694345 0.890120983124
762.0 0.416780859232 0.89264112711
763.0 0.41951957345 0.888272821903
764.0 0.416596025229 0.891885101795
765.0 0.421100944281 0.887348771095
766.0 0.422295570374 0.886004686356
767.0 0.42357647419 0.884576618671
768.0 0.422239154577 0.884324610233
769.0 0.423972457647 0.881888449192
770.0 0.417242437601 0.890625
771.0 0.422780692577 0.885584652424
772.0 0.419947087765 0.889784932137
773.0 0.416588485241 0.891885101795
774.0 0.41609570384 0.892557144165
775.0 0.422078460455 0.885500669479
776.0 0.422302395105 0.886256694794
777.0 0.415039747953 0.895329296589
778.0 0.418125897646 0.889700949192
779.0 0.421117693186 0.888356864452
780.0 0.420983046293 0.887600779533
781.0 0.418320059776 0.889868974686
782.0 0.419692903757 0.887768805027
783.0 0.42139685154 0.888020813465
784.0 0.42215397954 0.885752677917
785.0 0.418836206198 0.891801059246
786.0 0.423500061035 0.884912610054
787.0 0.423173010349 0.886172711849
788.0 0.417690247297 0.891633093357
789.0 0.423171788454 0.885920703411
790.0 0.421240448952 0.887684822083
791.0 0.41898560524 0.890204966068
792.0 0.421167969704 0.886256694794
793.0 0.41910508275 0.889448940754
794.0 0.421206921339 0.886004686356
795.0 0.418995916843 0.889700949192
796.0 0.419594913721 0.889532923698
797.0 0.421227782965 0.887684822083
798.0 0.418964833021 0.88860887289
799.0 0.416448652744 0.893145143986
800.0 0.421479225159 0.887936830521
801.0 0.420810043812 0.886508762836
802.0 0.419916957617 0.888944864273
803.0 0.4183383286 0.891213059425
804.0 0.419199347496 0.888944864273
805.0 0.420809954405 0.887768805027
806.0 0.41909840703 0.889364898205
807.0 0.41216135025 0.896757364273
808.0 0.417387276888 0.890793025494
809.0 0.421007245779 0.888524889946
810.0 0.417862832546 0.892389118671
811.0 0.422590881586 0.885752677917
812.0 0.420190095901 0.888440847397
813.0 0.417541623116 0.892053067684
814.0 0.412959218025 0.896589398384
815.0 0.415912657976 0.893649220467
816.0 0.417823255062 0.893229186535
817.0 0.419239073992 0.890793025494
818.0 0.418042629957 0.891381025314
819.0 0.420469969511 0.888020813465
820.0 0.416647970676 0.891885101795
821.0 0.421498656273 0.887348771095
822.0 0.42054232955 0.887852847576
823.0 0.417123228312 0.891549050808
824.0 0.4152341187 0.894825279713
825.0 0.414562255144 0.894741237164
826.0 0.417310863733 0.890288949013
827.0 0.417875558138 0.891801059246
828.0 0.416390627623 0.890288949013
829.0 0.415306329727 0.893901228905
830.0 0.417381644249 0.89264112711
831.0 0.420203864574 0.890372991562
832.0 0.41717761755 0.892809152603
833.0 0.41690531373 0.892137110233
834.0 0.41942179203 0.887516796589
835.0 0.417771726847 0.891717076302
836.0 0.418701589108 0.889532923698
837.0 0.417469024658 0.890541017056
838.0 0.419746935368 0.888104856014
839.0 0.417407006025 0.892389118671
840.0 0.417220234871 0.891885101795
841.0 0.416757553816 0.891801059246
842.0 0.415766984224 0.892977178097
843.0 0.415910094976 0.893817186356
844.0 0.417994707823 0.889868974686
845.0 0.420081883669 0.888188838959
846.0 0.416899442673 0.891885101795
847.0 0.415218025446 0.893397152424
848.0 0.413782417774 0.894573271275
849.0 0.416239053011 0.891717076302
850.0 0.41698050499 0.891045033932
851.0 0.418821901083 0.888356864452
852.0 0.41677826643 0.893733203411
853.0 0.414251148701 0.895161271095
854.0 0.419079065323 0.889196932316
855.0 0.419426202774 0.890708982944
856.0 0.412752628326 0.895749330521
857.0 0.419173210859 0.888524889946
858.0 0.417093217373 0.892809152603
859.0 0.417432159185 0.891129016876
860.0 0.430301994085 0.880460321903
861.0 0.427871137857 0.88348454237
862.0 0.421727985144 0.887348771095
863.0 0.423092544079 0.885584652424
864.0 0.419244349003 0.890372991562
865.0 0.420984685421 0.888356864452
866.0 0.413891196251 0.894489228725
867.0 0.419750332832 0.890541017056
868.0 0.419104993343 0.889112889767
869.0 0.418648540974 0.891633093357
870.0 0.420850396156 0.890625
871.0 0.425065249205 0.885248661041
872.0 0.418082743883 0.891213059425
873.0 0.419317215681 0.890877008438
874.0 0.420789629221 0.890288949013
875.0 0.421971797943 0.887348771095
876.0 0.417515575886 0.892389118671
877.0 0.41668856144 0.892389118671
878.0 0.414732068777 0.894741237164
879.0 0.418605357409 0.891381025314
880.0 0.417087137699 0.892389118671
881.0 0.414756208658 0.893985211849
882.0 0.422024935484 0.888020813465
883.0 0.422238558531 0.888440847397
884.0 0.421545177698 0.886508762836
885.0 0.418598264456 0.890708982944
886.0 0.422033458948 0.886508762836
887.0 0.41961017251 0.890036940575
888.0 0.420648396015 0.890793025494
889.0 0.420255690813 0.889112889767
890.0 0.417573690414 0.89129704237
891.0 0.414176613092 0.89642137289
892.0 0.420552045107 0.889784932137
893.0 0.410388916731 0.898353517056
894.0 0.419149875641 0.891885101795
895.0 0.420333206654 0.88860887289
896.0 0.416448324919 0.893229186535
897.0 0.415608406067 0.892809152603
898.0 0.419320821762 0.890120983124
899.0 0.42019084096 0.88928091526
900.0 0.415813237429 0.893313169479
901.0 0.416798740625 0.892473101616
902.0 0.418176949024 0.89129704237
903.0 0.415940493345 0.893649220467
904.0 0.420734375715 0.889196932316
905.0 0.412785917521 0.898269474506
906.0 0.413753211498 0.895833313465
907.0 0.41597878933 0.893397152424
908.0 0.416676431894 0.892473101616
909.0 0.416101276875 0.893229186535
910.0 0.414056390524 0.894321262836
911.0 0.415356785059 0.894405245781
912.0 0.417438596487 0.892473101616
913.0 0.414874792099 0.894237220287
914.0 0.413987874985 0.895749330521
915.0 0.415424436331 0.894069194794
916.0 0.412835925817 0.897429406643
917.0 0.419938206673 0.887852847576
918.0 0.413440257311 0.896505355835
919.0 0.421727329493 0.886676728725
920.0 0.420555025339 0.888692855835
921.0 0.419034808874 0.891045033932
922.0 0.417710751295 0.891045033932
923.0 0.414738595486 0.895665347576
924.0 0.419380217791 0.888944864273
925.0 0.418873488903 0.889784932137
926.0 0.41661849618 0.893733203411
927.0 0.413589596748 0.895917356014
928.0 0.418265014887 0.891045033932
929.0 0.421349793673 0.888524889946
930.0 0.420505106449 0.887012779713
931.0 0.420374333858 0.889028906822
932.0 0.421157598495 0.888104856014
933.0 0.416696041822 0.892473101616
934.0 0.415749281645 0.892473101616
935.0 0.413962870836 0.895581305027
936.0 0.413295298815 0.896673381329
937.0 0.418293207884 0.88995295763
938.0 0.414946943521 0.894237220287
939.0 0.411255538464 0.898941516876
940.0 0.416384965181 0.892809152603
941.0 0.414613991976 0.894657254219
942.0 0.414951682091 0.894489228725
943.0 0.413928896189 0.895497322083
944.0 0.417599409819 0.891045033932
945.0 0.41453140974 0.893817186356
946.0 0.416722536087 0.892305135727
947.0 0.413128584623 0.896505355835
948.0 0.4103333354 0.900117635727
949.0 0.411825656891 0.897345423698
950.0 0.412764668465 0.89709341526
951.0 0.417448848486 0.891885101795
952.0 0.412476748228 0.898017466068
953.0 0.414378255606 0.896589398384
954.0 0.418322324753 0.891213059425
955.0 0.41279861331 0.897177398205
956.0 0.412432402372 0.897429406643
957.0 0.419458329678 0.889784932137
958.0 0.414067059755 0.895329296589
959.0 0.41215929389 0.897597432137
960.0 0.412228524685 0.896001338959
961.0 0.412990003824 0.897849440575
962.0 0.410851150751 0.900201618671
963.0 0.412181437016 0.89776545763
964.0 0.409973114729 0.900117635727
965.0 0.415775328875 0.893061161041
966.0 0.416261047125 0.89264112711
967.0 0.417396128178 0.891801059246
968.0 0.416040241718 0.892893135548
969.0 0.415858447552 0.893565177917
970.0 0.410830050707 0.898185491562
971.0 0.417040109634 0.89264112711
972.0 0.413924604654 0.896253347397
973.0 0.409252494574 0.901041686535
974.0 0.409447699785 0.90045362711
975.0 0.414633542299 0.894489228725
976.0 0.416245937347 0.893145143986
977.0 0.410290420055 0.90045362711
978.0 0.412898480892 0.896757364273
979.0 0.414379268885 0.896085321903
980.0 0.415209561586 0.895581305027
981.0 0.412457585335 0.897009432316
982.0 0.414414733648 0.894909262657
983.0 0.414536356926 0.894573271275
984.0 0.414599359035 0.895413279533
985.0 0.414252877235 0.895497322083
986.0 0.415333449841 0.894237220287
987.0 0.416531056166 0.892893135548
988.0 0.410182714462 0.89910954237
989.0 0.416635453701 0.892893135548
990.0 0.413140654564 0.897597432137
991.0 0.412695676088 0.896673381329
992.0 0.413874268532 0.896757364273
993.0 0.412215828896 0.898605525494
994.0 0.415258824825 0.894909262657
995.0 0.413089305162 0.896841406822
996.0 0.413618475199 0.896001338959
997.0 0.414668470621 0.894405245781
998.0 0.413596242666 0.895665347576
999.0 0.411341637373 0.89910954237
1000.0 0.415419310331 0.894573271275
1001.0 0.414938569069 0.893397152424
1002.0 0.413236349821 0.896673381329
1003.0 0.412713944912 0.898017466068
1004.0 0.410814523697 0.898689508438
1005.0 0.414173424244 0.895917356014
1006.0 0.412487387657 0.897429406643
1007.0 0.406499713659 0.903309822083
1008.0 0.409537911415 0.900789678097
1009.0 0.414195358753 0.896757364273
1010.0 0.411684185266 0.898185491562
1011.0 0.41342523694 0.897849440575
1012.0 0.414931178093 0.893901228905
1013.0 0.410813242197 0.900033593178
1014.0 0.406491011381 0.903561830521
1015.0 0.409140646458 0.900201618671
1016.0 0.409910261631 0.900621652603
1017.0 0.412639647722 0.897261440754
1018.0 0.411315470934 0.899949610233
1019.0 0.413260221481 0.896169364452
1020.0 0.409713447094 0.900957643986
1021.0 0.41393828392 0.89642137289
1022.0 0.412482589483 0.898101449013
1023.0 0.410828977823 0.899277567863
1024.0 0.409244209528 0.900621652603
1025.0 0.408883363008 0.900873661041
1026.0 0.408987641335 0.901209652424
1027.0 0.410429745913 0.899865567684
1028.0 0.40789809823 0.903141796589
1029.0 0.409104555845 0.90045362711
1030.0 0.408952742815 0.902889788151
1031.0 0.413862168789 0.895329296589
1032.0 0.409118026495 0.902133762836
1033.0 0.409092843533 0.901209652424
1034.0 0.410945206881 0.90045362711
1035.0 0.408636033535 0.902973771095
1036.0 0.411070138216 0.899949610233
1037.0 0.411332249641 0.898353517056
1038.0 0.411877632141 0.898689508438
1039.0 0.409700810909 0.900957643986
1040.0 0.408987134695 0.902301728725
1041.0 0.407243549824 0.903645813465
1042.0 0.406317025423 0.903729856014
1043.0 0.407884120941 0.902805805206
1044.0 0.409284740686 0.901377677917
1045.0 0.412533432245 0.897177398205
1046.0 0.407409012318 0.903897821903
1047.0 0.405606150627 0.90490591526
1048.0 0.405357390642 0.903897821903
1049.0 0.407228946686 0.903897821903
1050.0 0.407385796309 0.903225779533
1051.0 0.40794339776 0.902469754219
1052.0 0.407947421074 0.903645813465
1053.0 0.405134141445 0.904989898205
1054.0 0.408972144127 0.900873661041
1055.0 0.408787220716 0.901545703411
1056.0 0.40326821804 0.907510101795
1057.0 0.410529315472 0.900789678097
1058.0 0.408165127039 0.902637779713
1059.0 0.406664699316 0.90423387289
1060.0 0.408825755119 0.900705635548
