0.0 0.694127380848 0.516633093357
1.0 0.698485910892 0.518733203411
2.0 0.691812157631 0.534442186356
3.0 0.678019881248 0.571908593178
4.0 0.642659068108 0.637096762657
5.0 0.53516715765 0.776881694794
6.0 0.490131139755 0.821068525314
7.0 0.486792743206 0.823588728905
8.0 0.476641207933 0.833417356014
9.0 0.469217002392 0.840305805206
10.0 0.464027404785 0.846186161041
11.0 0.462569206953 0.846438169479
12.0 0.461726695299 0.846858203411
13.0 0.457312315702 0.852150559425
14.0 0.460843682289 0.846018135548
15.0 0.452501267195 0.857022821903
16.0 0.454996734858 0.852738559246
17.0 0.446166962385 0.862903237343
18.0 0.447100251913 0.861895143986
19.0 0.454780220985 0.852486550808
20.0 0.450930476189 0.857106864452
21.0 0.445479780436 0.863155245781
22.0 0.447963804007 0.86139112711
23.0 0.450393795967 0.857526898384
24.0 0.444177985191 0.864247322083
25.0 0.44487336278 0.864079296589
26.0 0.445432841778 0.864583313465
27.0 0.442037671804 0.867523491383
28.0 0.443742334843 0.864163279533
29.0 0.440103441477 0.868363559246
30.0 0.440136104822 0.867691516876
31.0 0.4441832304 0.863407254219
32.0 0.437638223171 0.869791686535
33.0 0.440895855427 0.866599440575
34.0 0.44379773736 0.863575279713
35.0 0.438181608915 0.869623661041
36.0 0.440810650587 0.866767466068
37.0 0.442422300577 0.866011440754
38.0 0.432310253382 0.875924050808
39.0 0.438038170338 0.870127677917
40.0 0.436094135046 0.871219754219
41.0 0.435685932636 0.872479856014
42.0 0.439675688744 0.867439508438
43.0 0.431262105703 0.878108203411
44.0 0.431367188692 0.876848101616
45.0 0.436659008265 0.869875669479
46.0 0.434657931328 0.872311830521
47.0 0.434236049652 0.872815847397
48.0 0.431037008762 0.877688169479
49.0 0.434626251459 0.870799720287
50.0 0.432699352503 0.87365591526
51.0 0.429314732552 0.878276228905
52.0 0.428049176931 0.879452288151
53.0 0.433997750282 0.872227847576
54.0 0.435599207878 0.870883762836
55.0 0.437481999397 0.869371652603
56.0 0.43280506134 0.87432795763
57.0 0.434637486935 0.871471762657
58.0 0.432901293039 0.87365591526
59.0 0.431010872126 0.877268135548
60.0 0.432860344648 0.874579966068
61.0 0.430555939674 0.876764118671
62.0 0.429254591465 0.879704296589
63.0 0.430526614189 0.878276228905
64.0 0.429921358824 0.878444194794
65.0 0.428857326508 0.878276228905
66.0 0.428866803646 0.877772152424
67.0 0.43367344141 0.873403906822
68.0 0.42870414257 0.878360211849
69.0 0.42917534709 0.878444194794
70.0 0.431524962187 0.875083982944
71.0 0.43304669857 0.872731864452
72.0 0.433809787035 0.873067855835
73.0 0.432600736618 0.87567204237
74.0 0.429138928652 0.879284262657
75.0 0.432916939259 0.874831974506
76.0 0.430085003376 0.877436161041
77.0 0.424051582813 0.884576618671
78.0 0.427722036839 0.880460321903
79.0 0.428265303373 0.880376338959
80.0 0.424332857132 0.883904576302
81.0 0.429721176624 0.877772152424
82.0 0.430080860853 0.877688169479
83.0 0.42601364851 0.882308483124
84.0 0.429335266352 0.87634408474
85.0 0.425066381693 0.883988559246
86.0 0.431524962187 0.876176059246
87.0 0.428560316563 0.878024220467
88.0 0.430184751749 0.87634408474
89.0 0.428012996912 0.878528237343
90.0 0.42523124814 0.88214045763
91.0 0.430846005678 0.87634408474
92.0 0.427777677774 0.880040347576
93.0 0.423658400774 0.883820593357
94.0 0.428470402956 0.879200279713
95.0 0.42763826251 0.879284262657
96.0 0.424640774727 0.883652567863
97.0 0.428902238607 0.878444194794
98.0 0.426442176104 0.88214045763
99.0 0.422815620899 0.883820593357
100.0 0.42400893569 0.883316516876
101.0 0.424199461937 0.882980525494
102.0 0.425011098385 0.882896482944
103.0 0.423342108727 0.883400559425
104.0 0.422002524137 0.885584652424
105.0 0.426459103823 0.880964398384
106.0 0.426966130733 0.879284262657
107.0 0.424939543009 0.884072601795
108.0 0.426940411329 0.879536271095
109.0 0.421190291643 0.887768805027
110.0 0.42543387413 0.880628347397
111.0 0.426002532244 0.880628347397
112.0 0.425787806511 0.881216406822
113.0 0.422915846109 0.886424720287
114.0 0.428754657507 0.878192186356
115.0 0.425927817822 0.879452288151
116.0 0.420727223158 0.886004686356
117.0 0.426161527634 0.881972432137
118.0 0.422241777182 0.885668694973
119.0 0.425859838724 0.882728517056
120.0 0.426330655813 0.880712389946
121.0 0.419439405203 0.887180805206
122.0 0.421470016241 0.885836720467
123.0 0.418599665165 0.891213059425
124.0 0.424958258867 0.88146841526
125.0 0.42266061902 0.884912610054
126.0 0.427985042334 0.878696262836
127.0 0.419354587793 0.888524889946
128.0 0.426748454571 0.880628347397
129.0 0.422837287188 0.8828125
130.0 0.426242738962 0.880292356014
131.0 0.422854691744 0.88415658474
132.0 0.42463979125 0.88348454237
133.0 0.423700600863 0.88415658474
134.0 0.473788321018 0.831149220467
135.0 0.432624399662 0.873907923698
136.0 0.426277726889 0.880376338959
137.0 0.422137469053 0.884576618671
138.0 0.4235458076 0.883316516876
139.0 0.41718479991 0.890036940575
140.0 0.419998943806 0.889448940754
141.0 0.414772391319 0.892305135727
142.0 0.413437962532 0.892305135727
143.0 0.415563493967 0.89196908474
144.0 0.415722668171 0.89264112711
145.0 0.414750158787 0.893901228905
146.0 0.413408130407 0.893649220467
147.0 0.414763331413 0.893313169479
148.0 0.408076554537 0.898101449013
149.0 0.412145316601 0.896589398384
150.0 0.409573465586 0.899361550808
151.0 0.412915676832 0.895413279533
152.0 0.415744125843 0.89264112711
153.0 0.416879832745 0.88928091526
154.0 0.413615226746 0.893397152424
155.0 0.41223013401 0.895245313644
156.0 0.412281900644 0.894405245781
157.0 0.411979436874 0.895077288151
158.0 0.406835049391 0.902553737164
159.0 0.408497273922 0.900285601616
160.0 0.408332079649 0.89910954237
161.0 0.407177507877 0.902301728725
162.0 0.406912088394 0.900873661041
163.0 0.409542500973 0.897261440754
164.0 0.408183306456 0.899613559246
165.0 0.412757128477 0.895161271095
166.0 0.408793240786 0.900705635548
167.0 0.412188082933 0.895749330521
168.0 0.41205778718 0.895749330521
169.0 0.407602339983 0.901377677917
170.0 0.407813072205 0.901125669479
171.0 0.412603616714 0.896169364452
172.0 0.408602237701 0.899277567863
173.0 0.41050156951 0.898521482944
174.0 0.406475067139 0.901461720467
175.0 0.408244252205 0.900789678097
176.0 0.405727833509 0.904569864273
177.0 0.407761186361 0.899445593357
178.0 0.411638349295 0.897177398205
179.0 0.40881562233 0.898521482944
180.0 0.410518556833 0.894405245781
181.0 0.408320754766 0.900957643986
182.0 0.405319422483 0.903981864452
183.0 0.408678025007 0.898941516876
184.0 0.411479532719 0.896169364452
185.0 0.403609007597 0.90490591526
186.0 0.407706558704 0.900789678097
187.0 0.409987896681 0.898101449013
188.0 0.407727688551 0.899949610233
189.0 0.411836892366 0.895161271095
190.0 0.408062398434 0.899529576302
191.0 0.40875852108 0.898941516876
192.0 0.405112326145 0.903561830521
193.0 0.408324539661 0.898689508438
194.0 0.406213819981 0.901797711849
195.0 0.408343940973 0.899697601795
196.0 0.408112078905 0.900873661041
197.0 0.405248701572 0.903057813644
198.0 0.406225055456 0.902469754219
199.0 0.409732490778 0.899277567863
200.0 0.407191812992 0.900201618671
201.0 0.403142750263 0.904569864273
202.0 0.408413797617 0.89978158474
203.0 0.404045403004 0.905409932137
204.0 0.407945543528 0.900369644165
205.0 0.407696217299 0.90045362711
206.0 0.406830519438 0.901965737343
207.0 0.408238232136 0.900957643986
208.0 0.406058758497 0.903057813644
209.0 0.405228674412 0.90423387289
210.0 0.407054573298 0.902217745781
211.0 0.403951376677 0.906670033932
212.0 0.406303703785 0.903477847576
213.0 0.40734025836 0.900285601616
214.0 0.405342668295 0.903981864452
215.0 0.406304597855 0.901209652424
216.0 0.407282948494 0.902889788151
217.0 0.406894594431 0.903057813644
218.0 0.406632870436 0.901293694973
219.0 0.402421563864 0.90490591526
220.0 0.407598733902 0.900705635548
221.0 0.406857222319 0.901545703411
222.0 0.404158115387 0.903141796589
223.0 0.40922036767 0.897849440575
224.0 0.407310158014 0.902133762836
225.0 0.405454874039 0.903981864452
226.0 0.407337635756 0.901209652424
227.0 0.406624674797 0.900957643986
228.0 0.406013727188 0.903309822083
229.0 0.407916456461 0.899697601795
230.0 0.406063199043 0.902889788151
231.0 0.402225494385 0.905829966068
232.0 0.406142681837 0.902385771275
233.0 0.407425671816 0.89978158474
234.0 0.404765188694 0.903057813644
235.0 0.405836075544 0.902637779713
236.0 0.406752675772 0.902385771275
237.0 0.406274735928 0.900705635548
238.0 0.404588729143 0.905829966068
239.0 0.402554005384 0.907006025314
240.0 0.406520336866 0.902385771275
241.0 0.406777858734 0.899445593357
242.0 0.403598815203 0.905157923698
243.0 0.401111721992 0.908350110054
244.0 0.403461128473 0.904653906822
245.0 0.405822217464 0.904485881329
246.0 0.405397564173 0.902133762836
247.0 0.403598994017 0.905829966068
248.0 0.403899133205 0.904401898384
249.0 0.403394311666 0.903393805027
250.0 0.405172169209 0.902469754219
251.0 0.405788958073 0.901461720467
252.0 0.402793347836 0.905829966068
253.0 0.403064519167 0.90557795763
254.0 0.404734164476 0.904149889946
255.0 0.403606176376 0.903897821903
256.0 0.40366089344 0.904149889946
257.0 0.403271883726 0.905073940754
258.0 0.403469979763 0.906670033932
259.0 0.405881643295 0.902301728725
260.0 0.40486741066 0.903813838959
261.0 0.398917168379 0.911038279533
262.0 0.403967648745 0.90423387289
263.0 0.403633415699 0.906166017056
264.0 0.409074276686 0.899193525314
265.0 0.405379474163 0.902889788151
266.0 0.410760134459 0.896673381329
267.0 0.400332391262 0.907426059246
268.0 0.402957469225 0.907090067863
269.0 0.40138310194 0.906670033932
270.0 0.401908457279 0.906670033932
271.0 0.408098578453 0.900285601616
272.0 0.403657883406 0.905241906643
273.0 0.401674687862 0.90625
274.0 0.406767517328 0.901629686356
275.0 0.401054263115 0.908434152603
276.0 0.400515645742 0.908854186535
277.0 0.405853152275 0.902049720287
278.0 0.403366744518 0.904989898205
279.0 0.404243022203 0.90490591526
280.0 0.404143959284 0.904821932316
281.0 0.406096458435 0.902385771275
282.0 0.402326077223 0.905997991562
283.0 0.401052892208 0.907342076302
284.0 0.401959806681 0.907090067863
285.0 0.404035061598 0.904485881329
286.0 0.40535607934 0.902805805206
287.0 0.402593553066 0.906838059425
288.0 0.400485754013 0.909778237343
289.0 0.40446165204 0.904401898384
290.0 0.400000989437 0.911458313465
291.0 0.405973345041 0.902049720287
292.0 0.402899503708 0.905409932137
293.0 0.400958806276 0.908518135548
294.0 0.403280824423 0.906081974506
295.0 0.405218422413 0.902049720287
296.0 0.402783513069 0.906166017056
297.0 0.40308880806 0.905913949013
298.0 0.402216225863 0.908770143986
299.0 0.401522397995 0.906418025494
300.0 0.403487324715 0.904569864273
301.0 0.402644991875 0.907510101795
302.0 0.405090659857 0.902133762836
303.0 0.401196181774 0.907006025314
304.0 0.39965698123 0.909274220467
305.0 0.400717198849 0.907090067863
306.0 0.400974392891 0.909358203411
307.0 0.402295559645 0.904653906822
308.0 0.399947941303 0.909862220287
309.0 0.402779906988 0.904737889767
310.0 0.405304521322 0.902553737164
311.0 0.401564985514 0.908770143986
312.0 0.400106281042 0.908602178097
313.0 0.402808815241 0.907426059246
314.0 0.401149839163 0.908434152603
315.0 0.402677714825 0.906418025494
316.0 0.401038378477 0.908770143986
317.0 0.402713745832 0.905073940754
318.0 0.404750615358 0.904653906822
319.0 0.400697797537 0.909274220467
320.0 0.402461498976 0.906166017056
321.0 0.406722068787 0.901041686535
322.0 0.403203725815 0.905073940754
323.0 0.406223297119 0.901629686356
324.0 0.399574905634 0.909358203411
325.0 0.400062978268 0.908098101616
326.0 0.403447270393 0.90557795763
327.0 0.402855813503 0.905157923698
328.0 0.400316953659 0.910702288151
329.0 0.399204552174 0.911290347576
330.0 0.402105242014 0.909274220467
331.0 0.403287291527 0.903729856014
332.0 0.401792764664 0.90826612711
333.0 0.40134909749 0.907930135727
334.0 0.404955863953 0.903225779533
335.0 0.402988523245 0.903393805027
336.0 0.402040421963 0.907510101795
337.0 0.399756401777 0.907426059246
338.0 0.39505931735 0.915070593357
339.0 0.39991119504 0.909946262836
340.0 0.401286303997 0.90759408474
341.0 0.402135789394 0.904317855835
342.0 0.394818842411 0.914314508438
343.0 0.394611239433 0.914398491383
344.0 0.397646784782 0.910450279713
345.0 0.399978131056 0.908770143986
346.0 0.397526353598 0.91204637289
347.0 0.397919386625 0.912298381329
348.0 0.399331986904 0.909526228905
349.0 0.396677196026 0.91271841526
350.0 0.393876850605 0.915322601795
351.0 0.395092099905 0.914902567863
352.0 0.398055464029 0.910786271095
353.0 0.397477686405 0.912298381329
354.0 0.402257323265 0.907174050808
355.0 0.401554137468 0.908686161041
356.0 0.39537113905 0.913474440575
357.0 0.401393979788 0.907090067863
358.0 0.39517647028 0.9140625
359.0 0.397249311209 0.912970423698
360.0 0.393130630255 0.916834652424
361.0 0.394227415323 0.915658593178
362.0 0.394597619772 0.915070593357
363.0 0.396759778261 0.912802398205
364.0 0.394642502069 0.913222432137
365.0 0.395133763552 0.91339045763
366.0 0.39472720027 0.914398491383
367.0 0.399213433266 0.909778237343
368.0 0.396873116493 0.91271841526
369.0 0.397478044033 0.910786271095
370.0 0.398256927729 0.910450279713
371.0 0.39432951808 0.915322601795
372.0 0.394786864519 0.915070593357
373.0 0.39703643322 0.91271841526
374.0 0.397594243288 0.91339045763
375.0 0.394307076931 0.916498661041
376.0 0.394733995199 0.914902567863
377.0 0.393588483334 0.917254686356
378.0 0.39469781518 0.915994644165
379.0 0.399131268263 0.908686161041
380.0 0.396095722914 0.914230525494
381.0 0.396106362343 0.914482533932
382.0 0.394447296858 0.914986550808
383.0 0.394580751657 0.915238559246
384.0 0.392718821764 0.916330635548
385.0 0.397082000971 0.91204637289
386.0 0.394586980343 0.915826618671
387.0 0.39436352253 0.914902567863
388.0 0.393853873014 0.916582643986
389.0 0.397083073854 0.910786271095
390.0 0.399220943451 0.910618305206
391.0 0.395582765341 0.914986550808
392.0 0.393548935652 0.915994644165
393.0 0.394882977009 0.914482533932
394.0 0.392229229212 0.917422711849
395.0 0.39674898982 0.913306474686
396.0 0.394994258881 0.913642466068
397.0 0.395636498928 0.913726449013
398.0 0.393329411745 0.917086720467
399.0 0.392260223627 0.917926728725
400.0 0.393606424332 0.915490567684
401.0 0.396242707968 0.913474440575
402.0 0.389949560165 0.920194864273
403.0 0.396136343479 0.914146482944
404.0 0.394191175699 0.915742635727
405.0 0.392946153879 0.917086720467
406.0 0.396657437086 0.913054406643
407.0 0.395915657282 0.912802398205
408.0 0.393354505301 0.917002677917
409.0 0.3942476511 0.915910601616
410.0 0.395172774792 0.915490567684
411.0 0.395583093166 0.913810491562
412.0 0.39144513011 0.917254686356
413.0 0.39303869009 0.917926728725
414.0 0.393030911684 0.917086720467
415.0 0.393083393574 0.917422711849
416.0 0.393759936094 0.915322601795
417.0 0.395375043154 0.91473454237
418.0 0.395237058401 0.915322601795
419.0 0.397225826979 0.913222432137
420.0 0.392634928226 0.917338728905
421.0 0.392813771963 0.917674720287
422.0 0.394806236029 0.915574610233
423.0 0.39443525672 0.915070593357
424.0 0.394820600748 0.914986550808
425.0 0.398191541433 0.912382364273
426.0 0.394518643618 0.915574610233
427.0 0.392868131399 0.918598771095
428.0 0.398661345243 0.910282254219
429.0 0.391245037317 0.918850779533
430.0 0.396388143301 0.91339045763
431.0 0.39746966958 0.910870313644
432.0 0.390115022659 0.920278906822
433.0 0.39248919487 0.915826618671
434.0 0.398639112711 0.912214398384
435.0 0.394456595182 0.914650559425
436.0 0.391991853714 0.917506694794
437.0 0.395092517138 0.915826618671
438.0 0.39499989152 0.914986550808
439.0 0.391673952341 0.918934822083
440.0 0.394378364086 0.915238559246
441.0 0.39304086566 0.917926728725
442.0 0.394758939743 0.914650559425
443.0 0.393933445215 0.917002677917
444.0 0.392398864031 0.918262779713
445.0 0.389515578747 0.92053091526
446.0 0.394511163235 0.91540658474
447.0 0.392514467239 0.918094754219
448.0 0.395507782698 0.915070593357
449.0 0.389963746071 0.919354856014
450.0 0.393147706985 0.917338728905
451.0 0.394294410944 0.915574610233
452.0 0.389537483454 0.920950949192
453.0 0.3947904706 0.914902567863
454.0 0.392849177122 0.916246652603
455.0 0.394400209188 0.914398491383
456.0 0.392244488001 0.917842745781
457.0 0.391296744347 0.918178737164
458.0 0.393594831228 0.917086720467
459.0 0.393637448549 0.915994644165
460.0 0.394203305244 0.915658593178
461.0 0.395462930202 0.91540658474
462.0 0.39176094532 0.918262779713
463.0 0.388250052929 0.922967076302
464.0 0.393834233284 0.916246652603
465.0 0.397422224283 0.913138449192
466.0 0.396406799555 0.914398491383
467.0 0.397890359163 0.912214398384
468.0 0.396620392799 0.912886440754
469.0 0.390118509531 0.920110881329
470.0 0.390575528145 0.919522821903
471.0 0.392041862011 0.917758762836
472.0 0.395778477192 0.914902567863
473.0 0.396151632071 0.91339045763
474.0 0.390045076609 0.920698940754
475.0 0.393527448177 0.915910601616
476.0 0.393621832132 0.917170703411
477.0 0.389036267996 0.921034932137
478.0 0.393487662077 0.915742635727
479.0 0.396157622337 0.913558483124
480.0 0.393197447062 0.916918694973
481.0 0.394381791353 0.916330635548
482.0 0.394868910313 0.914566516876
483.0 0.393926233053 0.916498661041
484.0 0.391569048166 0.918094754219
485.0 0.392148464918 0.917338728905
486.0 0.391836345196 0.917422711849
487.0 0.396520644426 0.913306474686
488.0 0.393388062716 0.916414678097
489.0 0.391199737787 0.918262779713
490.0 0.392062813044 0.919018805027
491.0 0.391828119755 0.919102847576
492.0 0.39086279273 0.920194864273
493.0 0.39472591877 0.915910601616
494.0 0.391150206327 0.919522821903
495.0 0.391472309828 0.919186830521
496.0 0.393248736858 0.918598771095
497.0 0.392290830612 0.917674720287
498.0 0.393025457859 0.918682813644
499.0 0.391969650984 0.916918694973
500.0 0.389041572809 0.920698940754
501.0 0.391295701265 0.91985887289
502.0 0.392077744007 0.918430805206
503.0 0.39369353652 0.917926728725
504.0 0.393604487181 0.916498661041
505.0 0.391058653593 0.918682813644
506.0 0.391073405743 0.919774889946
507.0 0.39089435339 0.919774889946
508.0 0.392093896866 0.917842745781
509.0 0.388323128223 0.921286940575
510.0 0.390043318272 0.920446932316
511.0 0.394387245178 0.9140625
512.0 0.394177556038 0.916834652424
513.0 0.39115318656 0.919018805027
514.0 0.393587291241 0.917170703411
515.0 0.393767416477 0.91607862711
516.0 0.388947486877 0.922210991383
517.0 0.388886123896 0.921538949013
518.0 0.392146885395 0.918598771095
519.0 0.39519187808 0.915070593357
520.0 0.393138557673 0.917590737343
521.0 0.390007257462 0.918682813644
522.0 0.393013328314 0.917590737343
523.0 0.395438164473 0.913474440575
524.0 0.393773019314 0.915910601616
525.0 0.3959454 0.913726449013
526.0 0.390003979206 0.920194864273
527.0 0.386729568243 0.925739228725
528.0 0.393029242754 0.917338728905
529.0 0.392343044281 0.917002677917
530.0 0.389255195856 0.921958982944
531.0 0.392277598381 0.917506694794
532.0 0.390592187643 0.920782923698
533.0 0.394624352455 0.916582643986
534.0 0.390345871449 0.921538949013
535.0 0.389447778463 0.92120295763
536.0 0.391203761101 0.920446932316
537.0 0.388858675957 0.922043025494
538.0 0.384155482054 0.927419364452
539.0 0.389246612787 0.92120295763
540.0 0.390042185783 0.920110881329
541.0 0.391304552555 0.918850779533
542.0 0.385213106871 0.925907254219
543.0 0.385286897421 0.925067186356
544.0 0.386720299721 0.924731194973
545.0 0.388795375824 0.921875
546.0 0.38787856698 0.924227178097
547.0 0.387555390596 0.922715067863
548.0 0.389444261789 0.921454966068
549.0 0.387345671654 0.923975110054
550.0 0.384261548519 0.926747322083
551.0 0.385298997164 0.925403237343
552.0 0.386217743158 0.925739228725
553.0 0.387512654066 0.923387110233
554.0 0.393368214369 0.918094754219
555.0 0.390729606152 0.920362889767
556.0 0.384382545948 0.926999330521
557.0 0.391350209713 0.920446932316
558.0 0.384668499231 0.926159262657
559.0 0.385091841221 0.926327288151
560.0 0.383914619684 0.927419364452
561.0 0.383227318525 0.929099440575
562.0 0.385076016188 0.926747322083
563.0 0.385835140944 0.926159262657
564.0 0.385295897722 0.925403237343
565.0 0.3862413764 0.925235211849
566.0 0.384922146797 0.926327288151
567.0 0.390018284321 0.920782923698
568.0 0.387486249208 0.924563169479
569.0 0.385335296392 0.925655245781
570.0 0.388070762157 0.921875
571.0 0.384986370802 0.926243305206
572.0 0.384785026312 0.926831305027
573.0 0.387076228857 0.924563169479
574.0 0.387650638819 0.923639118671
575.0 0.384275376797 0.926075279713
576.0 0.384743481874 0.926411271095
577.0 0.385041236877 0.927335321903
578.0 0.384431570768 0.925739228725
579.0 0.38704547286 0.924227178097
580.0 0.386812269688 0.924563169479
581.0 0.385859698057 0.924815177917
582.0 0.383219361305 0.928091406822
583.0 0.382990688086 0.928595423698
584.0 0.38237541914 0.929267466068
585.0 0.384367376566 0.927083313465
586.0 0.384295463562 0.927839398384
