0.0 0.696111261845 0.528393805027
1.0 0.667834639549 0.587449610233
2.0 0.622879326344 0.658350110054
3.0 0.609499752522 0.673639118671
4.0 0.593950092793 0.696572601795
5.0 0.577884197235 0.713961720467
6.0 0.560400247574 0.733366906643
7.0 0.540516793728 0.757644474506
8.0 0.52458769083 0.776629686356
9.0 0.518677890301 0.784442186356
10.0 0.50751554966 0.796454966068
11.0 0.494370728731 0.810735881329
12.0 0.494426727295 0.810987889767
13.0 0.485833704472 0.818044364452
14.0 0.4788864851 0.827956974506
15.0 0.475541383028 0.828881025314
16.0 0.478759407997 0.824428737164
17.0 0.475028574467 0.82946908474
18.0 0.469094187021 0.836777567863
19.0 0.470048069954 0.837365567684
20.0 0.461688220501 0.843413949013
21.0 0.4654327631 0.838037610054
22.0 0.460303604603 0.845514118671
23.0 0.456143260002 0.846858203411
24.0 0.456520050764 0.848706305027
25.0 0.452738702297 0.8515625
26.0 0.449040859938 0.856854856014
27.0 0.452244222164 0.855258762836
28.0 0.447855561972 0.857610881329
29.0 0.448684483767 0.857526898384
30.0 0.449746996164 0.855258762836
31.0 0.451865911484 0.853074610233
32.0 0.449832677841 0.855846762657
33.0 0.446084260941 0.858786940575
34.0 0.449954688549 0.856182813644
35.0 0.447485595942 0.856770813465
36.0 0.445079833269 0.860551059246
37.0 0.449150949717 0.854922711849
38.0 0.446561008692 0.860635101795
39.0 0.444237500429 0.86139112711
40.0 0.44382801652 0.861643135548
41.0 0.438377410173 0.866011440754
42.0 0.438477754593 0.865507364273
43.0 0.443634808064 0.862063169479
44.0 0.440625458956 0.865255355835
45.0 0.444862157106 0.859458982944
46.0 0.437491089106 0.868615567684
47.0 0.436271548271 0.869707643986
48.0 0.436485946178 0.868867635727
49.0 0.439268946648 0.867607533932
50.0 0.440286010504 0.8671875
51.0 0.442555785179 0.865087389946
52.0 0.434799641371 0.873487889767
53.0 0.435534358025 0.871639788151
54.0 0.436203569174 0.86785954237
55.0 0.441534787416 0.864667356014
56.0 0.435230284929 0.871639788151
57.0 0.433049887419 0.872815847397
58.0 0.4355648458 0.868615567684
59.0 0.436946958303 0.867607533932
60.0 0.432353138924 0.873823940754
61.0 0.435033529997 0.873487889767
62.0 0.430378109217 0.875504016876
63.0 0.432699501514 0.874579966068
64.0 0.435189932585 0.870463728905
65.0 0.437089949846 0.868027567863
66.0 0.431685656309 0.873319864273
67.0 0.433407574892 0.873907923698
68.0 0.428362846375 0.878108203411
69.0 0.429543614388 0.878276228905
70.0 0.432241499424 0.872899889946
71.0 0.434416979551 0.871219754219
72.0 0.430215001106 0.877100110054
73.0 0.431590795517 0.872479856014
74.0 0.433635413647 0.872731864452
75.0 0.435005426407 0.870883762836
76.0 0.426874339581 0.881636440754
77.0 0.429786801338 0.876512110233
78.0 0.426798164845 0.881216406822
79.0 0.430482268333 0.876428067684
80.0 0.426842421293 0.877940177917
81.0 0.427953094244 0.878612220287
82.0 0.4302726686 0.875924050808
83.0 0.432360202074 0.873739898205
84.0 0.429539263248 0.877688169479
85.0 0.42816644907 0.878444194794
86.0 0.430619448423 0.874579966068
87.0 0.42919716239 0.876680135727
88.0 0.431566804647 0.874916017056
89.0 0.4317933321 0.875
90.0 0.425877779722 0.880040347576
91.0 0.423736900091 0.882224440575
92.0 0.432617396116 0.873823940754
93.0 0.423537999392 0.884576618671
94.0 0.428150385618 0.877352178097
95.0 0.431188076735 0.875335991383
96.0 0.425880581141 0.880712389946
97.0 0.42651706934 0.881972432137
98.0 0.427688419819 0.880208313465
99.0 0.428413152695 0.878696262836
100.0 0.424609065056 0.883400559425
101.0 0.427652716637 0.878864228725
102.0 0.428015977144 0.877436161041
103.0 0.426332712173 0.881636440754
104.0 0.428696036339 0.879368305206
105.0 0.424238622189 0.881804406643
106.0 0.423653751612 0.88482862711
107.0 0.424661248922 0.8828125
108.0 0.426226943731 0.881216406822
109.0 0.423381596804 0.886004686356
110.0 0.422010391951 0.886256694794
111.0 0.422245562077 0.885248661041
112.0 0.425512611866 0.88146841526
113.0 0.41945463419 0.887432813644
114.0 0.423385202885 0.88348454237
115.0 0.427790075541 0.880292356014
116.0 0.419425010681 0.889028906822
117.0 0.424476861954 0.883904576302
118.0 0.421824008226 0.883736550808
119.0 0.427678585052 0.878192186356
120.0 0.424083262682 0.8828125
121.0 0.421978890896 0.888272821903
122.0 0.423014849424 0.884240567684
123.0 0.423721462488 0.881048381329
124.0 0.425168931484 0.882476449013
125.0 0.424235135317 0.883400559425
126.0 0.422473490238 0.886592745781
127.0 0.417459100485 0.889700949192
128.0 0.421837002039 0.886676728725
129.0 0.426831901073 0.880544364452
130.0 0.422587186098 0.885416686535
131.0 0.425066620111 0.882728517056
132.0 0.425127714872 0.881384432316
133.0 0.41796875 0.889196932316
134.0 0.421338409185 0.886844754219
135.0 0.418090045452 0.892137110233
136.0 0.418808609247 0.889700949192
137.0 0.424509078264 0.88146841526
138.0 0.415131509304 0.891465067863
139.0 0.421756446362 0.886844754219
140.0 0.424072951078 0.881720423698
141.0 0.417968213558 0.888020813465
142.0 0.423087537289 0.884240567684
143.0 0.421261489391 0.887012779713
144.0 0.422650039196 0.882896482944
145.0 0.423392236233 0.884660601616
146.0 0.423458874226 0.882392466068
147.0 0.421167463064 0.885416686535
148.0 0.41784003377 0.890541017056
149.0 0.419001191854 0.888104856014
150.0 0.419839680195 0.887264788151
151.0 0.423255711794 0.884324610233
152.0 0.420699983835 0.886256694794
153.0 0.417267739773 0.887768805027
154.0 0.42044582963 0.887096762657
155.0 0.418425440788 0.888440847397
156.0 0.418468624353 0.889448940754
157.0 0.424926191568 0.881888449192
158.0 0.41902628541 0.889448940754
159.0 0.416732817888 0.891717076302
160.0 0.419189423323 0.889784932137
161.0 0.419149667025 0.887348771095
162.0 0.41640022397 0.892389118671
163.0 0.416767954826 0.890372991562
164.0 0.419651001692 0.885920703411
165.0 0.420701742172 0.886424720287
166.0 0.421814501286 0.883232533932
167.0 0.420450568199 0.886004686356
168.0 0.416990220547 0.89129704237
169.0 0.41813442111 0.889868974686
170.0 0.414786547422 0.893229186535
171.0 0.420417755842 0.886256694794
172.0 0.418244034052 0.88928091526
173.0 0.416336685419 0.89129704237
174.0 0.416709005833 0.892557144165
175.0 0.417778551579 0.890960991383
176.0 0.419186860323 0.888692855835
177.0 0.415879696608 0.892137110233
178.0 0.418940961361 0.888440847397
179.0 0.418624460697 0.888860881329
180.0 0.416076213121 0.890708982944
181.0 0.414549171925 0.89264112711
182.0 0.415061742067 0.89264112711
183.0 0.419578194618 0.889532923698
184.0 0.419140309095 0.888188838959
185.0 0.417031496763 0.890877008438
186.0 0.418367773294 0.887600779533
187.0 0.421065270901 0.886760771275
188.0 0.415839910507 0.89264112711
189.0 0.420288830996 0.886424720287
190.0 0.415406376123 0.893817186356
191.0 0.414716869593 0.892557144165
192.0 0.418799817562 0.889868974686
193.0 0.418333113194 0.888776898384
194.0 0.413786351681 0.893229186535
195.0 0.417086809874 0.890960991383
196.0 0.419128715992 0.887432813644
197.0 0.419336825609 0.888020813465
198.0 0.414466947317 0.89196908474
199.0 0.413185805082 0.894573271275
200.0 0.418887466192 0.887768805027
201.0 0.416048079729 0.892137110233
202.0 0.41580092907 0.892137110233
203.0 0.418078303337 0.889112889767
204.0 0.418293207884 0.888356864452
205.0 0.419299244881 0.887516796589
206.0 0.414638161659 0.893481194973
207.0 0.409633457661 0.89978158474
208.0 0.414930909872 0.892473101616
209.0 0.419407576323 0.888692855835
210.0 0.41298609972 0.895077288151
211.0 0.418794572353 0.887768805027
212.0 0.417989969254 0.88928091526
213.0 0.416257232428 0.891465067863
214.0 0.412695348263 0.896085321903
215.0 0.413564294577 0.893397152424
216.0 0.414705336094 0.89264112711
217.0 0.418836027384 0.887684822083
218.0 0.418078064919 0.88928091526
219.0 0.417561203241 0.88928091526
220.0 0.410690546036 0.898353517056
221.0 0.417545855045 0.890625
222.0 0.41369086504 0.892893135548
223.0 0.412998348475 0.894741237164
224.0 0.413817703724 0.893397152424
225.0 0.412349283695 0.895329296589
226.0 0.414218246937 0.894153237343
227.0 0.413765817881 0.893733203411
228.0 0.410679608583 0.895749330521
229.0 0.410359919071 0.8984375
230.0 0.414689838886 0.892893135548
231.0 0.415511339903 0.892977178097
232.0 0.414290755987 0.893733203411
233.0 0.414116859436 0.894069194794
234.0 0.415354937315 0.893061161041
235.0 0.412704914808 0.893985211849
236.0 0.413535773754 0.892893135548
237.0 0.415916204453 0.89196908474
238.0 0.41652482748 0.891549050808
239.0 0.41075116396 0.8984375
240.0 0.413942396641 0.894237220287
241.0 0.40957224369 0.899361550808
242.0 0.413066506386 0.895749330521
243.0 0.414339900017 0.892809152603
244.0 0.414592295885 0.894153237343
245.0 0.414511322975 0.893145143986
246.0 0.411598205566 0.897429406643
247.0 0.407989174128 0.902049720287
248.0 0.410749703646 0.897513449192
249.0 0.413634568453 0.895329296589
250.0 0.412213772535 0.895665347576
251.0 0.413182467222 0.894405245781
252.0 0.40954875946 0.900537610054
253.0 0.412473708391 0.896253347397
254.0 0.413769006729 0.892053067684
255.0 0.414578258991 0.894237220287
256.0 0.411747932434 0.896253347397
257.0 0.411982417107 0.897597432137
258.0 0.411181122065 0.898185491562
259.0 0.411604821682 0.896169364452
260.0 0.408930242062 0.897513449192
261.0 0.413496047258 0.893985211849
262.0 0.406835705042 0.90045362711
263.0 0.409160375595 0.900621652603
264.0 0.412471562624 0.896253347397
265.0 0.413684278727 0.895413279533
266.0 0.406681358814 0.901713728905
267.0 0.410903245211 0.897513449192
268.0 0.409629583359 0.89978158474
269.0 0.407636225224 0.901881694794
270.0 0.411777198315 0.895077288151
271.0 0.410739660263 0.897849440575
272.0 0.408688664436 0.89910954237
273.0 0.411469727755 0.896253347397
274.0 0.412713587284 0.896337389946
275.0 0.412847369909 0.895665347576
276.0 0.406952917576 0.901965737343
277.0 0.407404690981 0.902301728725
278.0 0.404728055 0.90557795763
279.0 0.409310042858 0.898773491383
280.0 0.407813668251 0.900789678097
281.0 0.409104377031 0.899277567863
282.0 0.411113858223 0.895497322083
283.0 0.412559837103 0.895161271095
284.0 0.409329414368 0.897849440575
285.0 0.409251093864 0.898269474506
286.0 0.41151329875 0.896253347397
287.0 0.41048592329 0.896925389767
288.0 0.412463635206 0.894573271275
289.0 0.412112176418 0.896253347397
290.0 0.407992780209 0.899949610233
291.0 0.405768364668 0.902637779713
292.0 0.415586441755 0.89196908474
293.0 0.407214045525 0.901461720467
294.0 0.411280065775 0.898857533932
295.0 0.411674320698 0.896925389767
296.0 0.407424241304 0.902049720287
297.0 0.407031804323 0.902133762836
298.0 0.410438537598 0.899865567684
299.0 0.411122590303 0.897177398205
300.0 0.405183076859 0.904737889767
301.0 0.411007553339 0.89776545763
302.0 0.409586757421 0.898353517056
303.0 0.405849456787 0.904737889767
304.0 0.410087138414 0.900285601616
305.0 0.406283438206 0.903309822083
306.0 0.407534688711 0.901545703411
307.0 0.408462554216 0.898605525494
308.0 0.408710509539 0.898773491383
309.0 0.406107753515 0.903141796589
310.0 0.406398028135 0.902721762657
311.0 0.406512439251 0.901209652424
312.0 0.410504221916 0.900117635727
313.0 0.405301094055 0.903141796589
314.0 0.408217430115 0.899949610233
315.0 0.410819232464 0.899361550808
316.0 0.404284745455 0.904821932316
317.0 0.404377996922 0.904737889767
318.0 0.406248450279 0.903309822083
319.0 0.411626428366 0.894909262657
320.0 0.408927023411 0.898857533932
321.0 0.407432436943 0.901881694794
322.0 0.407667458057 0.901209652424
323.0 0.407886147499 0.900789678097
324.0 0.407458484173 0.902049720287
325.0 0.408030182123 0.900957643986
326.0 0.406361907721 0.903393805027
327.0 0.401996523142 0.906585991383
328.0 0.406834989786 0.902805805206
329.0 0.411088258028 0.898017466068
330.0 0.406590849161 0.900873661041
331.0 0.410195827484 0.898101449013
332.0 0.40862646699 0.900621652603
333.0 0.40095064044 0.910030245781
334.0 0.404727846384 0.904737889767
335.0 0.402354955673 0.905913949013
336.0 0.405134439468 0.905241906643
337.0 0.408871203661 0.899361550808
338.0 0.400596052408 0.909274220467
339.0 0.408099353313 0.901965737343
340.0 0.407902926207 0.902049720287
341.0 0.402733176947 0.906838059425
342.0 0.408410847187 0.90045362711
343.0 0.407124578953 0.902805805206
344.0 0.406173408031 0.901965737343
345.0 0.406533688307 0.902049720287
346.0 0.407582402229 0.899529576302
347.0 0.40675625205 0.903645813465
348.0 0.404622226954 0.903729856014
349.0 0.403254806995 0.905829966068
350.0 0.405581116676 0.903729856014
351.0 0.408392190933 0.899361550808
352.0 0.405327826738 0.903561830521
353.0 0.401297330856 0.908014118671
354.0 0.404477804899 0.905073940754
355.0 0.403477579355 0.906502008438
356.0 0.403514862061 0.905241906643
357.0 0.409479886293 0.898353517056
358.0 0.405366837978 0.90423387289
359.0 0.40403008461 0.906081974506
360.0 0.404754549265 0.90423387289
361.0 0.406455039978 0.903561830521
362.0 0.403726011515 0.904821932316
363.0 0.403282403946 0.907426059246
364.0 0.405194193125 0.903561830521
365.0 0.406275689602 0.903897821903
366.0 0.408087402582 0.900285601616
367.0 0.407722264528 0.901209652424
368.0 0.403560549021 0.907258093357
369.0 0.404924988747 0.903645813465
370.0 0.401021718979 0.907846093178
371.0 0.404672324657 0.904653906822
372.0 0.404027432203 0.905325949192
373.0 0.402577340603 0.905157923698
374.0 0.401773393154 0.906838059425
375.0 0.403220772743 0.906754016876
376.0 0.406277030706 0.903561830521
377.0 0.401355862617 0.909106194973
378.0 0.405986338854 0.90423387289
379.0 0.40371966362 0.906502008438
380.0 0.401949346066 0.906502008438
381.0 0.401238709688 0.909442186356
382.0 0.402313768864 0.908518135548
383.0 0.406182229519 0.902721762657
384.0 0.404822856188 0.903057813644
385.0 0.402660876513 0.907258093357
386.0 0.403987526894 0.904401898384
387.0 0.408473879099 0.901293694973
388.0 0.402209371328 0.90759408474
389.0 0.408274263144 0.900537610054
390.0 0.403049707413 0.907678067684
391.0 0.403674870729 0.904989898205
392.0 0.405795305967 0.903393805027
393.0 0.404921650887 0.903813838959
394.0 0.402105271816 0.907678067684
395.0 0.402660906315 0.908014118671
396.0 0.40363073349 0.905493974686
397.0 0.406212478876 0.902217745781
398.0 0.402484893799 0.908854186535
399.0 0.40091881156 0.908770143986
400.0 0.404048621655 0.907342076302
401.0 0.402699589729 0.906418025494
402.0 0.402383446693 0.904989898205
403.0 0.404707849026 0.906081974506
404.0 0.403699606657 0.905157923698
405.0 0.405704170465 0.903057813644
406.0 0.401272475719 0.908770143986
407.0 0.396076411009 0.912802398205
408.0 0.400869399309 0.909022152424
409.0 0.407404690981 0.903813838959
410.0 0.401344388723 0.907090067863
411.0 0.405101239681 0.905829966068
412.0 0.405311912298 0.903561830521
413.0 0.403321921825 0.906166017056
414.0 0.401147484779 0.908770143986
415.0 0.400565594435 0.908350110054
416.0 0.40216127038 0.907342076302
417.0 0.404460161924 0.905409932137
418.0 0.405823290348 0.903897821903
419.0 0.404546231031 0.905745983124
420.0 0.399221271276 0.911710321903
421.0 0.403079211712 0.907426059246
422.0 0.400025188923 0.910618305206
423.0 0.400181829929 0.909358203411
424.0 0.400918066502 0.908182144165
425.0 0.399983078241 0.909778237343
426.0 0.402269273996 0.908350110054
427.0 0.400894999504 0.909106194973
428.0 0.396717816591 0.913138449192
429.0 0.396604925394 0.913894474506
430.0 0.401585966349 0.908434152603
431.0 0.402703881264 0.905829966068
432.0 0.400566726923 0.909610211849
433.0 0.400801181793 0.907678067684
434.0 0.40123257041 0.907426059246
435.0 0.400391042233 0.909442186356
436.0 0.400204718113 0.909022152424
437.0 0.403448939323 0.904653906822
438.0 0.402161985636 0.908602178097
439.0 0.398979693651 0.911122322083
440.0 0.399839580059 0.910030245781
441.0 0.3972260952 0.912298381329
442.0 0.400292545557 0.909778237343
443.0 0.400731533766 0.908602178097
444.0 0.398469418287 0.911710321903
445.0 0.400778949261 0.90759408474
446.0 0.398321449757 0.912382364273
447.0 0.395908594131 0.915238559246
448.0 0.398007214069 0.911542356014
449.0 0.402891099453 0.905073940754
450.0 0.399524837732 0.909190177917
451.0 0.400839537382 0.909190177917
452.0 0.396862328053 0.913306474686
453.0 0.399875879288 0.910114228725
454.0 0.401445806026 0.907174050808
455.0 0.402819305658 0.90759408474
456.0 0.397941738367 0.911878347397
457.0 0.400152266026 0.909946262836
458.0 0.399109095335 0.910450279713
459.0 0.399781256914 0.910618305206
460.0 0.396272242069 0.914230525494
461.0 0.401644706726 0.909442186356
462.0 0.395484805107 0.913474440575
463.0 0.396663576365 0.911794364452
464.0 0.399381607771 0.911122322083
465.0 0.399050891399 0.910198271275
466.0 0.392971009016 0.917422711849
467.0 0.396927416325 0.913894474506
468.0 0.397631108761 0.913726449013
469.0 0.395908176899 0.914230525494
470.0 0.398845255375 0.911794364452
471.0 0.396829426289 0.912802398205
472.0 0.39764097333 0.912382364273
473.0 0.398154050112 0.911290347576
474.0 0.401006221771 0.909526228905
475.0 0.399240761995 0.909358203411
476.0 0.395452141762 0.913642466068
477.0 0.396037638187 0.916834652424
478.0 0.391255646944 0.920362889767
479.0 0.395035147667 0.914230525494
480.0 0.394836127758 0.914566516876
481.0 0.397354274988 0.911626338959
482.0 0.396435469389 0.91540658474
483.0 0.400674581528 0.908098101616
484.0 0.396882653236 0.913054406643
485.0 0.39567771554 0.912886440754
486.0 0.398455411196 0.909862220287
487.0 0.397423624992 0.91271841526
488.0 0.399954229593 0.910702288151
489.0 0.398415893316 0.912970423698
490.0 0.395606905222 0.915070593357
491.0 0.393320351839 0.917674720287
492.0 0.403350323439 0.906166017056
493.0 0.395168423653 0.915658593178
494.0 0.397246748209 0.913642466068
495.0 0.398201137781 0.913138449192
496.0 0.394338309765 0.914902567863
497.0 0.396136254072 0.915070593357
498.0 0.397588580847 0.911962389946
499.0 0.398118376732 0.912130355835
500.0 0.392168015242 0.919606864452
501.0 0.398092508316 0.912802398205
502.0 0.395812422037 0.914566516876
503.0 0.393627285957 0.917086720467
504.0 0.396754682064 0.914818525314
505.0 0.39402499795 0.916582643986
506.0 0.39442178607 0.915826618671
507.0 0.395476311445 0.915070593357
508.0 0.3940076828 0.916834652424
509.0 0.393469125032 0.917086720467
510.0 0.3940128088 0.916414678097
511.0 0.393491119146 0.91607862711
512.0 0.396443367004 0.914482533932
513.0 0.391691356897 0.920278906822
514.0 0.395771861076 0.914398491383
515.0 0.396274358034 0.915238559246
516.0 0.39144808054 0.919102847576
517.0 0.392033785582 0.919102847576
518.0 0.391283869743 0.920026898384
519.0 0.398979753256 0.910702288151
520.0 0.395007461309 0.914650559425
521.0 0.395775735378 0.915154576302
522.0 0.394708544016 0.916414678097
523.0 0.395273476839 0.915658593178
524.0 0.395788222551 0.915070593357
525.0 0.394953787327 0.915574610233
526.0 0.393926024437 0.916162610054
527.0 0.388933688402 0.921118974686
528.0 0.393522769213 0.917170703411
529.0 0.397702902555 0.91339045763
530.0 0.393647074699 0.917086720467
531.0 0.397118836641 0.913054406643
532.0 0.396403729916 0.91473454237
533.0 0.390024811029 0.920026898384
534.0 0.391565382481 0.920782923698
535.0 0.38925999403 0.922631025314
536.0 0.393678635359 0.917086720467
537.0 0.394962847233 0.915070593357
538.0 0.388088881969 0.921958982944
539.0 0.39397880435 0.916666686535
540.0 0.395783960819 0.915070593357
