0.0 0.737524867058 0.512348771095
1.0 0.731436610222 0.515541017056
2.0 0.737354815006 0.502352178097
3.0 0.654485583305 0.636424720287
4.0 0.609265387058 0.692456305027
5.0 0.554904103279 0.754788279533
6.0 0.528652667999 0.777637779713
7.0 0.510724663734 0.796538949013
8.0 0.51321464777 0.796034932137
9.0 0.508792519569 0.796034932137
10.0 0.507771015167 0.799059152603
11.0 0.503890216351 0.801663279533
12.0 0.500215113163 0.806115567684
13.0 0.500182330608 0.805443525314
14.0 0.492276996374 0.816784262657
15.0 0.494326859713 0.812163949013
16.0 0.495884478092 0.810147821903
17.0 0.499810278416 0.808299720287
18.0 0.494885444641 0.812752008438
19.0 0.488665312529 0.817876338959
20.0 0.502184391022 0.80670362711
21.0 0.496280908585 0.809979856014
22.0 0.488514691591 0.815692186356
23.0 0.482111603022 0.824596762657
24.0 0.482999414206 0.824428737164
25.0 0.481571346521 0.82232862711
26.0 0.481252372265 0.826948940754
27.0 0.485476583242 0.82165658474
28.0 0.476148992777 0.828629016876
29.0 0.472720772028 0.833165347576
30.0 0.478242456913 0.828965067863
31.0 0.479033231735 0.827200949192
32.0 0.479634642601 0.827284932137
33.0 0.474235028028 0.831569194794
34.0 0.477258205414 0.827116906643
35.0 0.480177760124 0.825268805027
36.0 0.475948214531 0.833837389946
37.0 0.482649862766 0.824092745781
38.0 0.480463445187 0.828208982944
39.0 0.486706525087 0.82165658474
40.0 0.480268776417 0.827704966068
41.0 0.470716059208 0.838793694973
42.0 0.476192593575 0.832241237164
43.0 0.472280800343 0.833585321903
44.0 0.477882683277 0.830393135548
45.0 0.477088421583 0.826276898384
46.0 0.469931155443 0.836525559425
47.0 0.471270680428 0.835601449013
48.0 0.46456438303 0.841145813465
49.0 0.469227790833 0.838793694973
50.0 0.466666102409 0.84240591526
51.0 0.476489394903 0.832241237164
52.0 0.463935106993 0.845346093178
53.0 0.467509001493 0.838877677917
54.0 0.466411828995 0.840221762657
55.0 0.471778959036 0.83459341526
56.0 0.464150488377 0.842657923698
57.0 0.463028281927 0.845178067684
58.0 0.466580510139 0.842825949192
59.0 0.468189775944 0.839213728905
60.0 0.45959353447 0.847530245781
61.0 0.460866034031 0.848538279533
62.0 0.459453999996 0.845430135727
63.0 0.462800145149 0.845010101795
64.0 0.461744576693 0.84240591526
65.0 0.468449056149 0.839045703411
66.0 0.458643436432 0.846858203411
67.0 0.461768239737 0.846102178097
68.0 0.459673851728 0.848790347576
69.0 0.457941949368 0.847698271275
70.0 0.458870887756 0.848034262657
71.0 0.464978337288 0.843245983124
72.0 0.456292629242 0.852318525314
73.0 0.46521294117 0.84173387289
74.0 0.460115492344 0.846186161041
75.0 0.462744772434 0.843833982944
76.0 0.459268003702 0.844085991383
77.0 0.455509096384 0.852570593357
78.0 0.457065343857 0.848706305027
79.0 0.453914999962 0.852066516876
80.0 0.453840970993 0.853074610233
81.0 0.45277056098 0.85290658474
82.0 0.457543104887 0.850638449192
83.0 0.461991578341 0.84509408474
84.0 0.457729965448 0.849462389946
85.0 0.456422567368 0.851226449013
86.0 0.459963232279 0.848034262657
87.0 0.459086358547 0.847530245781
88.0 0.459784179926 0.848202288151
89.0 0.455943763256 0.852822601795
90.0 0.457366377115 0.848874330521
91.0 0.451368808746 0.857106864452
92.0 0.45584076643 0.851226449013
93.0 0.449030309916 0.859206974506
94.0 0.456546247005 0.851142466068
95.0 0.455342113972 0.849882364273
96.0 0.45481055975 0.85290658474
97.0 0.453980773687 0.853158593178
98.0 0.455160975456 0.851730525494
99.0 0.455542832613 0.851982533932
100.0 0.451509773731 0.854166686535
101.0 0.452885627747 0.853158593178
102.0 0.457519650459 0.851142466068
103.0 0.453878045082 0.851646482944
104.0 0.455413520336 0.849966406822
105.0 0.447843641043 0.859543025494
106.0 0.452495992184 0.854082643986
107.0 0.451452970505 0.854418694973
108.0 0.451200574636 0.857190847397
109.0 0.451924920082 0.855762779713
110.0 0.451724469662 0.856518805027
111.0 0.449904710054 0.858450949192
112.0 0.452783018351 0.854502677917
113.0 0.445380091667 0.859458982944
114.0 0.449446290731 0.856434822083
115.0 0.44943600893 0.857946932316
116.0 0.445252090693 0.861811161041
117.0 0.44850680232 0.857274889946
118.0 0.445809900761 0.862315177917
119.0 0.453789412975 0.852402567863
120.0 0.451436370611 0.853158593178
121.0 0.44850474596 0.858366906643
122.0 0.448580354452 0.857946932316
123.0 0.449855357409 0.857526898384
124.0 0.446451812983 0.858954966068
125.0 0.452304273844 0.852822601795
126.0 0.452358216047 0.854922711849
127.0 0.4461568892 0.857946932316
128.0 0.449545174837 0.853830635548
129.0 0.45244589448 0.851394474506
130.0 0.449772626162 0.857694864273
131.0 0.448465198278 0.857694864273
132.0 0.452112704515 0.855342745781
133.0 0.448105216026 0.859038949013
134.0 0.444658577442 0.863155245781
135.0 0.446215093136 0.860635101795
136.0 0.442805558443 0.865423381329
137.0 0.45319968462 0.853914678097
138.0 0.442875891924 0.866851449013
139.0 0.445643305779 0.861895143986
140.0 0.450465202332 0.854502677917
141.0 0.448883205652 0.855006694794
142.0 0.450385689735 0.856350779533
143.0 0.448645144701 0.857442855835
144.0 0.449007421732 0.856434822083
145.0 0.444761753082 0.861139118671
146.0 0.447646975517 0.859963059425
147.0 0.444498479366 0.862063169479
148.0 0.441690057516 0.866179406643
149.0 0.443426936865 0.860215067863
150.0 0.444527208805 0.859627008438
151.0 0.446719169617 0.860803067684
152.0 0.443619132042 0.862483203411
153.0 0.443654537201 0.863407254219
154.0 0.449434518814 0.856098771095
155.0 0.444645941257 0.860131025314
156.0 0.442907840014 0.865339398384
157.0 0.446308761835 0.860131025314
158.0 0.442571282387 0.862483203411
159.0 0.441763877869 0.863491237164
160.0 0.442120283842 0.863827288151
161.0 0.440440386534 0.866179406643
162.0 0.437804192305 0.868783593178
163.0 0.440604835749 0.865255355835
164.0 0.438469231129 0.867439508438
165.0 0.442898452282 0.860299050808
166.0 0.444597601891 0.86004704237
167.0 0.44076526165 0.864919364452
168.0 0.440639823675 0.866431474686
169.0 0.444553732872 0.859879016876
170.0 0.439307659864 0.866095423698
171.0 0.444567114115 0.861475110054
172.0 0.440499573946 0.867439508438
173.0 0.439577132463 0.866263449192
174.0 0.44096621871 0.866431474686
175.0 0.439265340567 0.868027567863
176.0 0.441931337118 0.865087389946
177.0 0.440332561731 0.866683483124
178.0 0.442662477493 0.862651228905
179.0 0.441060066223 0.865087389946
180.0 0.437918305397 0.867691516876
181.0 0.438921570778 0.864751338959
182.0 0.439409404993 0.864415347576
183.0 0.443483769894 0.864331305027
184.0 0.440330296755 0.86651545763
185.0 0.441175222397 0.865507364273
186.0 0.442401528358 0.863155245781
187.0 0.443847745657 0.865003347397
188.0 0.437282860279 0.868951618671
189.0 0.442725300789 0.863659262657
190.0 0.438239097595 0.869371652603
191.0 0.439156740904 0.866767466068
192.0 0.437771260738 0.869707643986
193.0 0.438251703978 0.868783593178
194.0 0.437378793955 0.869035601616
195.0 0.442954182625 0.861307144165
196.0 0.441224813461 0.864835321903
197.0 0.440776705742 0.865591406822
198.0 0.435562252998 0.871555805206
199.0 0.435105443001 0.870883762836
200.0 0.442571282387 0.865507364273
201.0 0.437842130661 0.86853158474
202.0 0.438305348158 0.867103517056
203.0 0.440088778734 0.866011440754
204.0 0.438773095608 0.867691516876
205.0 0.439585119486 0.867019474506
206.0 0.440548479557 0.866095423698
207.0 0.428689777851 0.879284262657
208.0 0.436051756144 0.870043694973
209.0 0.440810710192 0.862483203411
210.0 0.439358860254 0.865507364273
211.0 0.440788507462 0.863323271275
212.0 0.439076572657 0.866767466068
213.0 0.436964094639 0.871891796589
214.0 0.432280480862 0.87432795763
215.0 0.436950355768 0.869959652424
216.0 0.439651817083 0.863323271275
217.0 0.442876964808 0.860971093178
218.0 0.437193542719 0.868111550808
219.0 0.43980038166 0.865255355835
220.0 0.437404125929 0.868951618671
221.0 0.438535422087 0.868279576302
222.0 0.435467839241 0.871891796589
223.0 0.435613393784 0.871051728725
224.0 0.432563602924 0.875252008438
225.0 0.437019795179 0.869371652603
226.0 0.434037864208 0.873907923698
227.0 0.434037417173 0.872227847576
228.0 0.431617558002 0.87298387289
229.0 0.432477533817 0.872647821903
230.0 0.435631990433 0.872311830521
231.0 0.439116328955 0.867523491383
232.0 0.435359656811 0.871135771275
233.0 0.436199605465 0.870379686356
234.0 0.435406178236 0.867355525494
235.0 0.434254556894 0.872311830521
236.0 0.434468656778 0.871807813644
237.0 0.438575834036 0.867271482944
238.0 0.435375839472 0.871723771095
239.0 0.434712350368 0.871723771095
240.0 0.435652047396 0.869707643986
241.0 0.431350827217 0.87432795763
242.0 0.431814432144 0.875335991383
243.0 0.434427499771 0.871471762657
244.0 0.434707939625 0.869539678097
245.0 0.437216848135 0.868615567684
246.0 0.429241001606 0.879620313644
247.0 0.431218504906 0.87701612711
248.0 0.429768115282 0.877772152424
249.0 0.434376180172 0.873319864273
250.0 0.430053293705 0.876092076302
251.0 0.434922128916 0.870547711849
252.0 0.431578487158 0.873487889767
253.0 0.430538088083 0.87634408474
254.0 0.431346565485 0.873991906643
255.0 0.433317691088 0.870631694794
256.0 0.429958790541 0.877352178097
257.0 0.432280957699 0.872311830521
258.0 0.432786136866 0.874916017056
259.0 0.433588415384 0.873739898205
260.0 0.429789423943 0.87701612711
261.0 0.432664841413 0.873823940754
262.0 0.429596275091 0.878024220467
263.0 0.432805985212 0.874411940575
264.0 0.429459810257 0.876008093357
265.0 0.436553090811 0.869371652603
266.0 0.42975962162 0.876596093178
267.0 0.433432221413 0.875504016876
268.0 0.428946346045 0.879116237164
269.0 0.430193543434 0.877100110054
270.0 0.431515514851 0.875756025314
271.0 0.434860914946 0.870967745781
272.0 0.430966287851 0.876260101795
273.0 0.432225376368 0.874075949192
274.0 0.436105668545 0.870379686356
275.0 0.43543189764 0.870715737343
276.0 0.429665267467 0.877520143986
277.0 0.430467128754 0.877520143986
278.0 0.425546497107 0.882308483124
279.0 0.430577397346 0.875252008438
280.0 0.430147916079 0.87634408474
281.0 0.427038371563 0.880544364452
282.0 0.43390634656 0.874747991562
283.0 0.434655189514 0.869539678097
284.0 0.431830853224 0.873739898205
285.0 0.430331170559 0.874075949192
286.0 0.430249601603 0.87634408474
287.0 0.431320399046 0.875335991383
288.0 0.433062672615 0.872899889946
289.0 0.432730317116 0.875756025314
290.0 0.431415885687 0.875420033932
291.0 0.425863355398 0.881972432137
292.0 0.430903494358 0.876260101795
293.0 0.425753712654 0.88348454237
294.0 0.429969608784 0.876596093178
295.0 0.428741902113 0.878444194794
296.0 0.42729511857 0.881048381329
297.0 0.428868442774 0.878444194794
298.0 0.43176856637 0.876596093178
299.0 0.434725880623 0.871387779713
300.0 0.427833378315 0.879032254219
301.0 0.429831266403 0.874579966068
302.0 0.431366533041 0.874075949192
303.0 0.430488228798 0.877604186535
304.0 0.430942088366 0.877520143986
305.0 0.426361829042 0.88079637289
306.0 0.43133237958 0.875756025314
307.0 0.429744869471 0.876008093357
308.0 0.428962171078 0.878948271275
309.0 0.430003494024 0.878024220467
310.0 0.427257359028 0.882224440575
311.0 0.427457302809 0.880376338959
312.0 0.430573612452 0.878024220467
313.0 0.423444718122 0.8828125
314.0 0.427823781967 0.879704296589
315.0 0.42920640111 0.877856194973
316.0 0.423603713512 0.883316516876
317.0 0.428952932358 0.876596093178
318.0 0.426968485117 0.880628347397
319.0 0.431666582823 0.874663949013
320.0 0.430272877216 0.876932144165
321.0 0.430203378201 0.874916017056
322.0 0.427066624165 0.879620313644
323.0 0.42759642005 0.879452288151
324.0 0.425747573376 0.880964398384
325.0 0.430881261826 0.875588059425
326.0 0.428137511015 0.878108203411
327.0 0.424615949392 0.881216406822
328.0 0.427026003599 0.879872322083
329.0 0.432716935873 0.875756025314
330.0 0.430858641863 0.875420033932
331.0 0.430540323257 0.877604186535
332.0 0.431900262833 0.873991906643
333.0 0.424994856119 0.882392466068
334.0 0.42487180233 0.883652567863
335.0 0.425795763731 0.880628347397
336.0 0.423987478018 0.881804406643
337.0 0.430413901806 0.876764118671
338.0 0.425020813942 0.881972432137
339.0 0.428341209888 0.878612220287
340.0 0.429955512285 0.876596093178
341.0 0.426967203617 0.880712389946
342.0 0.427741348743 0.878024220467
343.0 0.42898786068 0.878948271275
344.0 0.429921925068 0.874916017056
345.0 0.426137298346 0.882056474686
346.0 0.427651405334 0.879200279713
347.0 0.42634999752 0.880460321903
348.0 0.423596531153 0.881972432137
349.0 0.426017522812 0.88146841526
350.0 0.425565987825 0.881300389767
351.0 0.428800970316 0.879704296589
352.0 0.425274789333 0.883988559246
353.0 0.42639374733 0.881804406643
354.0 0.429565668106 0.876932144165
355.0 0.42584592104 0.882980525494
356.0 0.423766642809 0.886172711849
357.0 0.427267760038 0.881132364273
358.0 0.422700643539 0.884240567684
359.0 0.423658668995 0.883820593357
360.0 0.425692886114 0.881972432137
361.0 0.423561751842 0.885332643986
362.0 0.421596556902 0.885500669479
363.0 0.423178523779 0.884240567684
364.0 0.422760248184 0.885668694973
365.0 0.425664931536 0.881804406643
366.0 0.427684128284 0.877352178097
367.0 0.426326990128 0.881384432316
368.0 0.42223572731 0.885752677917
369.0 0.426872909069 0.88146841526
370.0 0.423686087132 0.883568525314
371.0 0.427681416273 0.880460321903
372.0 0.421414732933 0.887012779713
373.0 0.42134308815 0.887600779533
374.0 0.423905074596 0.882644474506
375.0 0.422449380159 0.886760771275
376.0 0.426296025515 0.880376338959
377.0 0.420923620462 0.888944864273
378.0 0.427698433399 0.878696262836
379.0 0.426035642624 0.881552398205
380.0 0.422341793776 0.886508762836
381.0 0.421709239483 0.886676728725
382.0 0.423239052296 0.886424720287
383.0 0.425711601973 0.882308483124
384.0 0.423461616039 0.885080635548
385.0 0.427479684353 0.881300389767
386.0 0.425770461559 0.881972432137
387.0 0.426174491644 0.881720423698
388.0 0.42492043972 0.881552398205
389.0 0.425609558821 0.879788279533
390.0 0.423330038786 0.883400559425
391.0 0.423634201288 0.882980525494
392.0 0.424063205719 0.88482862711
393.0 0.422979712486 0.885668694973
394.0 0.421218037605 0.886928737164
395.0 0.42421272397 0.883232533932
396.0 0.424479424953 0.883904576302
397.0 0.425416469574 0.881636440754
398.0 0.42231169343 0.886424720287
399.0 0.420706957579 0.888188838959
400.0 0.425259143114 0.883232533932
401.0 0.423658132553 0.883904576302
402.0 0.422763735056 0.887096762657
403.0 0.422751188278 0.88415658474
404.0 0.422490715981 0.885164678097
405.0 0.425673604012 0.883652567863
406.0 0.423804461956 0.883652567863
407.0 0.415304094553 0.892725110054
408.0 0.420302242041 0.889448940754
409.0 0.426873654127 0.879620313644
410.0 0.423377096653 0.883736550808
411.0 0.425757914782 0.882644474506
412.0 0.425730913877 0.882224440575
413.0 0.423132866621 0.882980525494
414.0 0.420011907816 0.887852847576
415.0 0.421880543232 0.886340737343
416.0 0.42069503665 0.888692855835
417.0 0.427474617958 0.879368305206
418.0 0.422947883606 0.885500669479
419.0 0.425731778145 0.880124330521
420.0 0.42051127553 0.887852847576
421.0 0.424542248249 0.883820593357
422.0 0.422231644392 0.887012779713
423.0 0.421753883362 0.887264788151
424.0 0.418479382992 0.88928091526
425.0 0.422814369202 0.885752677917
426.0 0.420607447624 0.887012779713
427.0 0.421818226576 0.886760771275
428.0 0.418469637632 0.888692855835
429.0 0.419859409332 0.888188838959
430.0 0.420272946358 0.886340737343
431.0 0.424522191286 0.884660601616
432.0 0.421373099089 0.888020813465
433.0 0.420632094145 0.886676728725
434.0 0.42137798667 0.886088728905
435.0 0.419253140688 0.888776898384
436.0 0.421512424946 0.888356864452
437.0 0.422537744045 0.886088728905
438.0 0.422027915716 0.885668694973
439.0 0.420388251543 0.889196932316
440.0 0.421175926924 0.885416686535
441.0 0.417159050703 0.890456974506
442.0 0.418582737446 0.890793025494
443.0 0.421775907278 0.887516796589
444.0 0.419608056545 0.889028906822
445.0 0.425884991884 0.881720423698
446.0 0.420661091805 0.88860887289
447.0 0.41859459877 0.889868974686
448.0 0.416803747416 0.890625
449.0 0.423867493868 0.883316516876
450.0 0.418617010117 0.890625
451.0 0.423638612032 0.88415658474
452.0 0.418657273054 0.887768805027
453.0 0.419286340475 0.890204966068
454.0 0.420329362154 0.886676728725
455.0 0.42053899169 0.887768805027
456.0 0.418038845062 0.888440847397
457.0 0.420037865639 0.888944864273
458.0 0.419307053089 0.888272821903
459.0 0.419539421797 0.887936830521
460.0 0.416642785072 0.893145143986
461.0 0.421266704798 0.885416686535
462.0 0.418438822031 0.889448940754
463.0 0.420532733202 0.885752677917
464.0 0.416672259569 0.891129016876
465.0 0.424300849438 0.883904576302
466.0 0.416131287813 0.891717076302
467.0 0.422287136316 0.886508762836
468.0 0.417508661747 0.89129704237
469.0 0.416317075491 0.891717076302
470.0 0.417446672916 0.891633093357
471.0 0.422022372484 0.886340737343
472.0 0.41843688488 0.891465067863
473.0 0.419592410326 0.887432813644
474.0 0.420338779688 0.888020813465
475.0 0.419219762087 0.889616906643
476.0 0.415877521038 0.893481194973
477.0 0.415356516838 0.894237220287
478.0 0.41136559844 0.898773491383
479.0 0.417552053928 0.890372991562
480.0 0.417712420225 0.891381025314
481.0 0.414835572243 0.892221093178
482.0 0.418335497379 0.89129704237
483.0 0.422887951136 0.883652567863
484.0 0.419660001993 0.88995295763
485.0 0.419328421354 0.888188838959
486.0 0.420128315687 0.886928737164
487.0 0.421943694353 0.884660601616
488.0 0.420670747757 0.887096762657
489.0 0.422029554844 0.886256694794
490.0 0.418756395578 0.889532923698
491.0 0.415404319763 0.892725110054
492.0 0.419835567474 0.887768805027
493.0 0.414393633604 0.895161271095
494.0 0.419561356306 0.888860881329
495.0 0.418428391218 0.889700949192
496.0 0.414138942957 0.894993305206
497.0 0.416524708271 0.892221093178
498.0 0.420380532742 0.887852847576
499.0 0.421753674746 0.885668694973
500.0 0.417108058929 0.890960991383
501.0 0.419134289026 0.889448940754
502.0 0.418700188398 0.889784932137
503.0 0.42051166296 0.887768805027
504.0 0.419279038906 0.888440847397
505.0 0.415643215179 0.892893135548
506.0 0.417037963867 0.891633093357
507.0 0.417853146791 0.888860881329
508.0 0.416380733252 0.891381025314
509.0 0.41830855608 0.889448940754
510.0 0.415763199329 0.894153237343
511.0 0.416047245264 0.892809152603
512.0 0.41872254014 0.889448940754
513.0 0.413284540176 0.895581305027
514.0 0.416074693203 0.893145143986
515.0 0.416959166527 0.89129704237
516.0 0.410254597664 0.898689508438
517.0 0.416287213564 0.891885101795
518.0 0.414855837822 0.894993305206
519.0 0.418166577816 0.891801059246
520.0 0.419440329075 0.88860887289
521.0 0.418248176575 0.890708982944
522.0 0.416676431894 0.892137110233
523.0 0.417194455862 0.891465067863
524.0 0.414448469877 0.894573271275
525.0 0.417654275894 0.891213059425
526.0 0.417025655508 0.891549050808
527.0 0.411169320345 0.896757364273
528.0 0.414342403412 0.894237220287
529.0 0.421170026064 0.885836720467
530.0 0.419314920902 0.888188838959
531.0 0.418864011765 0.889784932137
532.0 0.419014751911 0.889532923698
533.0 0.413229882717 0.896589398384
534.0 0.413417190313 0.896253347397
535.0 0.41120365262 0.897849440575
536.0 0.411526739597 0.896589398384
537.0 0.418671816587 0.88928091526
538.0 0.41164496541 0.897513449192
539.0 0.41505870223 0.894237220287
540.0 0.420389205217 0.887684822083
541.0 0.413411200047 0.895413279533
542.0 0.414739638567 0.895749330521
543.0 0.415564417839 0.89196908474
544.0 0.41669690609 0.892221093178
545.0 0.415144532919 0.894237220287
546.0 0.415671736002 0.893901228905
547.0 0.413726240396 0.894657254219
548.0 0.412527114153 0.894573271275
549.0 0.412632495165 0.896925389767
550.0 0.413943469524 0.894237220287
551.0 0.416205346584 0.892137110233
552.0 0.412956386805 0.896001338959
553.0 0.415289819241 0.892977178097
554.0 0.416814535856 0.889616906643
555.0 0.412842422724 0.896169364452
556.0 0.410807043314 0.898857533932
557.0 0.415418356657 0.89264112711
558.0 0.411617398262 0.898185491562
559.0 0.410216420889 0.898941516876
560.0 0.412608027458 0.896589398384
561.0 0.410164117813 0.899277567863
562.0 0.408755242825 0.900369644165
563.0 0.409671992064 0.901293694973
564.0 0.41086062789 0.897429406643
565.0 0.412939488888 0.895329296589
566.0 0.415437012911 0.892137110233
567.0 0.412625461817 0.897513449192
568.0 0.405845850706 0.903813838959
569.0 0.414113849401 0.893145143986
570.0 0.408953934908 0.901209652424
571.0 0.414191305637 0.895329296589
572.0 0.409421414137 0.89910954237
573.0 0.407606363297 0.900621652603
574.0 0.408286482096 0.900957643986
575.0 0.409954428673 0.89978158474
576.0 0.41440486908 0.893985211849
577.0 0.407307744026 0.901209652424
578.0 0.413383990526 0.895413279533
579.0 0.411949366331 0.898101449013
580.0 0.41008657217 0.89910954237
581.0 0.408591479063 0.901377677917
582.0 0.411766558886 0.89776545763
583.0 0.413613587618 0.895581305027
584.0 0.412729978561 0.896001338959
585.0 0.414625406265 0.893817186356
586.0 0.412056654692 0.8984375
587.0 0.416601240635 0.890960991383
588.0 0.41105735302 0.899445593357
589.0 0.41458761692 0.895161271095
590.0 0.411224335432 0.898773491383
591.0 0.411201626062 0.89709341526
592.0 0.410887181759 0.89910954237
593.0 0.41063567996 0.897345423698
594.0 0.407152593136 0.902889788151
595.0 0.41080519557 0.897513449192
596.0 0.412367582321 0.898101449013
597.0 0.411478549242 0.898353517056
598.0 0.408866137266 0.899613559246
599.0 0.408918768167 0.902049720287
600.0 0.413293987513 0.89642137289
601.0 0.409224689007 0.900033593178
602.0 0.408332258463 0.900537610054
603.0 0.410358667374 0.898521482944
604.0 0.408893942833 0.900621652603
605.0 0.411305636168 0.898521482944
606.0 0.410273492336 0.899949610233
607.0 0.400806307793 0.908938169479
608.0 0.407411277294 0.901797711849
609.0 0.410768151283 0.898605525494
610.0 0.408412307501 0.900789678097
611.0 0.411842167377 0.896505355835
612.0 0.4113047719 0.898521482944
613.0 0.409794598818 0.900201618671
614.0 0.405007153749 0.905409932137
615.0 0.408166497946 0.900621652603
616.0 0.405741780996 0.90490591526
617.0 0.413080573082 0.896253347397
618.0 0.409519940615 0.900201618671
619.0 0.410138070583 0.899361550808
620.0 0.405061632395 0.905157923698
621.0 0.409730494022 0.899361550808
622.0 0.407680720091 0.902217745781
623.0 0.406051665545 0.904317855835
624.0 0.401963025331 0.908854186535
625.0 0.406163215637 0.904485881329
626.0 0.406587868929 0.903309822083
627.0 0.40636280179 0.902217745781
628.0 0.403289794922 0.907090067863
629.0 0.403970330954 0.907258093357
630.0 0.404791265726 0.905493974686
631.0 0.411641359329 0.898605525494
632.0 0.404792487621 0.906333982944
633.0 0.406019151211 0.904821932316
634.0 0.405084967613 0.904989898205
635.0 0.404603660107 0.905829966068
636.0 0.40520259738 0.904821932316
637.0 0.409518957138 0.900201618671
638.0 0.407937765121 0.902469754219
639.0 0.406076192856 0.90490591526
640.0 0.405810803175 0.904317855835
641.0 0.403615117073 0.907006025314
642.0 0.403329342604 0.907090067863
643.0 0.407080441713 0.902973771095
644.0 0.403651952744 0.905661940575
645.0 0.40812432766 0.901041686535
646.0 0.40454441309 0.905241906643
647.0 0.403533756733 0.907426059246
648.0 0.40171790123 0.90826612711
649.0 0.405493706465 0.904149889946
650.0 0.402869999409 0.908098101616
651.0 0.406388521194 0.902973771095
652.0 0.403287947178 0.907174050808
653.0 0.402627915144 0.908434152603
654.0 0.403791815042 0.906333982944
655.0 0.404398202896 0.907090067863
656.0 0.401375591755 0.908602178097
657.0 0.404643803835 0.904569864273
658.0 0.40506786108 0.905829966068
659.0 0.405686914921 0.904401898384
660.0 0.400889277458 0.910534262657
661.0 0.407212287188 0.902217745781
662.0 0.401662558317 0.908938169479
663.0 0.402644276619 0.90759408474
664.0 0.400727540255 0.909190177917
665.0 0.406475841999 0.903225779533
666.0 0.400673925877 0.909358203411
667.0 0.407786130905 0.902049720287
668.0 0.399696797132 0.910786271095
669.0 0.400085330009 0.909946262836
670.0 0.401631742716 0.908770143986
671.0 0.404570102692 0.906081974506
672.0 0.400947362185 0.90826612711
673.0 0.402939677238 0.907006025314
674.0 0.404075622559 0.905997991562
675.0 0.402775466442 0.906166017056
676.0 0.399632006884 0.911794364452
677.0 0.397954463959 0.912214398384
678.0 0.395904779434 0.916414678097
679.0 0.399834632874 0.910366237164
680.0 0.400319039822 0.910450279713
681.0 0.398447394371 0.911962389946
682.0 0.403304040432 0.908182144165
683.0 0.403304517269 0.907930135727
684.0 0.402287274599 0.907090067863
685.0 0.398558735847 0.912214398384
686.0 0.401113122702 0.909526228905
687.0 0.403051882982 0.907678067684
688.0 0.402936130762 0.908182144165
689.0 0.401482820511 0.910114228725
690.0 0.399526000023 0.909946262836
691.0 0.39798232913 0.911962389946
692.0 0.401113003492 0.90826612711
693.0 0.39593449235 0.915994644165
694.0 0.402060478926 0.908770143986
695.0 0.40125849843 0.908518135548
696.0 0.395611643791 0.916918694973
697.0 0.399554133415 0.911206305027
698.0 0.400986939669 0.910114228725
699.0 0.400198668242 0.911794364452
700.0 0.397087067366 0.91339045763
