0.0 0.705088734627 0.502352178097
1.0 0.704441547394 0.503444194794
2.0 0.699386775494 0.513944864273
3.0 0.681222379208 0.559307813644
4.0 0.623256862164 0.667002677917
5.0 0.543662667274 0.765877008438
6.0 0.506153583527 0.805107533932
7.0 0.504547715187 0.80401545763
8.0 0.498659074306 0.810567855835
9.0 0.4879360497 0.823336720467
10.0 0.47787386179 0.833249330521
11.0 0.481303304434 0.828377008438
12.0 0.477293759584 0.833333313465
13.0 0.47330608964 0.835601449013
14.0 0.483384013176 0.826948940754
15.0 0.469885140657 0.839885771275
16.0 0.47486320138 0.834257364273
17.0 0.465580761433 0.843666017056
18.0 0.461530089378 0.848370313644
19.0 0.470723956823 0.837785601616
20.0 0.469312041998 0.838709652424
21.0 0.458042114973 0.849294364452
22.0 0.466097503901 0.842909932137
23.0 0.467760056257 0.841397821903
24.0 0.462013542652 0.845178067684
25.0 0.463336318731 0.845430135727
26.0 0.458863168955 0.848202288151
27.0 0.456500977278 0.85223454237
28.0 0.45500048995 0.85290658474
29.0 0.457228928804 0.851898491383
30.0 0.457390189171 0.850806474686
31.0 0.460867762566 0.847278237343
32.0 0.45530679822 0.85223454237
33.0 0.462154537439 0.844758093357
34.0 0.502571463585 0.793766796589
35.0 0.734378457069 0.499831974506
36.0 0.733312785625 0.501008093357
37.0 0.730165958405 0.503612220287
38.0 0.527277112007 0.762768805027
39.0 0.474187612534 0.829049050808
40.0 0.725000917912 0.498067885637
41.0 0.720758497715 0.503864228725
42.0 0.721369683743 0.49420362711
43.0 0.721879720688 0.500924050808
44.0 0.723056852818 0.495211690664
45.0 0.719964563847 0.500924050808
46.0 0.713631510735 0.506720423698
47.0 0.715743601322 0.505376338959
48.0 0.711753487587 0.509240567684
49.0 0.71471619606 0.498319894075
50.0 0.715776860714 0.495799720287
51.0 0.709859311581 0.502604186535
52.0 0.708135545254 0.507728517056
53.0 0.710172235966 0.49285954237
54.0 0.706450760365 0.497143805027
55.0 0.70989048481 0.494623661041
56.0 0.704906105995 0.496051758528
57.0 0.58427888155 0.673051059246
58.0 0.462756156921 0.845850110054
59.0 0.456428438425 0.852822601795
60.0 0.45979180932 0.847194194794
61.0 0.604586958885 0.635836720467
62.0 0.702670514584 0.5
63.0 0.703507363796 0.504704296589
64.0 0.703665673733 0.496555775404
65.0 0.699458122253 0.509744644165
66.0 0.701499760151 0.502184152603
67.0 0.699785113335 0.504956305027
68.0 0.701233625412 0.504284262657
69.0 0.702031314373 0.499075949192
70.0 0.701726198196 0.494371652603
71.0 0.70018029213 0.498403906822
72.0 0.700540661812 0.497395843267
73.0 0.699506521225 0.502856194973
74.0 0.69789737463 0.509912610054
75.0 0.700118362904 0.495547711849
76.0 0.700790464878 0.50201612711
77.0 0.698789477348 0.505544364452
78.0 0.700632214546 0.495631724596
79.0 0.699065983295 0.505208313465
80.0 0.698276460171 0.500083982944
81.0 0.699999928474 0.498151868582
82.0 0.699031352997 0.505292356014
83.0 0.698976993561 0.500840067863
84.0 0.698670089245 0.502688169479
85.0 0.703430116177 0.509912610054
86.0 0.698084115982 0.504956305027
87.0 0.697351694107 0.503612220287
88.0 0.698931872845 0.50848454237
89.0 0.696493148804 0.512936830521
90.0 0.697789728642 0.521925389767
91.0 0.696185350418 0.5234375
92.0 0.69260340929 0.532342076302
93.0 0.691314697266 0.538138449192
94.0 0.686955451965 0.553427398205
95.0 0.669086277485 0.601646482944
96.0 0.642348885536 0.645245313644
97.0 0.614002406597 0.681199610233
98.0 0.577898144722 0.722110211849
99.0 0.551001250744 0.748907923698
100.0 0.539524018764 0.763944864273
101.0 0.53436166048 0.767053067684
102.0 0.529293000698 0.770665347576
103.0 0.520270586014 0.783098101616
104.0 0.511430203915 0.790574610233
105.0 0.509841024876 0.791750669479
106.0 0.510510325432 0.791750669479
107.0 0.518382370472 0.784022152424
108.0 0.50827807188 0.794606864452
109.0 0.499808847904 0.805107533932
110.0 0.500298023224 0.801999330521
111.0 0.500340402126 0.800067186356
112.0 0.490688443184 0.812668025494
113.0 0.495359033346 0.807963728905
114.0 0.491686344147 0.811071932316
115.0 0.494583636522 0.809811830521
116.0 0.484489202499 0.818380355835
117.0 0.491920799017 0.811911940575
118.0 0.483999550343 0.819556474686
119.0 0.485415190458 0.818632364273
120.0 0.487689137459 0.817120313644
121.0 0.477523624897 0.827788949013
122.0 0.481865823269 0.821152567863
123.0 0.474743574858 0.830561161041
124.0 0.482218533754 0.822832643986
125.0 0.476183027029 0.830561161041
126.0 0.477632164955 0.823672711849
127.0 0.478768229485 0.822748661041
128.0 0.477635383606 0.827116906643
129.0 0.477035284042 0.824092745781
130.0 0.474522829056 0.828208982944
131.0 0.472717106342 0.830477178097
132.0 0.475587785244 0.827872991562
133.0 0.469698756933 0.83728158474
134.0 0.501254856586 0.802587389946
135.0 0.473894923925 0.831233203411
136.0 0.461467623711 0.84576612711
137.0 0.458072304726 0.850302398205
138.0 0.459449261427 0.85021841526
139.0 0.448498517275 0.858366906643
140.0 0.455035209656 0.8515625
141.0 0.445278525352 0.863575279713
142.0 0.447763055563 0.858618974686
143.0 0.450619190931 0.854838728905
144.0 0.448551476002 0.85735887289
145.0 0.447408914566 0.860299050808
146.0 0.445757746696 0.859291017056
147.0 0.443896889687 0.863071262836
148.0 0.442443817854 0.862567186356
149.0 0.44732517004 0.857862889767
150.0 0.441123515368 0.865507364273
151.0 0.448613375425 0.856182813644
152.0 0.446519434452 0.859122991562
153.0 0.445477485657 0.860467076302
154.0 0.443862348795 0.859963059425
155.0 0.440867602825 0.864079296589
156.0 0.439961701632 0.866263449192
157.0 0.438348829746 0.868699610233
158.0 0.439585536718 0.865675389767
159.0 0.43957477808 0.864751338959
160.0 0.436444282532 0.871051728725
161.0 0.438445597887 0.867607533932
162.0 0.433326870203 0.874747991562
163.0 0.440211415291 0.866431474686
164.0 0.438100337982 0.868111550808
165.0 0.442455261946 0.862903237343
166.0 0.438430577517 0.86785954237
167.0 0.438000053167 0.869119644165
168.0 0.434833675623 0.872311830521
169.0 0.43871447444 0.867355525494
170.0 0.436300545931 0.870127677917
171.0 0.440942168236 0.866851449013
172.0 0.436088144779 0.869875669479
173.0 0.437311083078 0.869035601616
174.0 0.431775987148 0.875
175.0 0.433661788702 0.871975779533
176.0 0.430469512939 0.876176059246
177.0 0.432767182589 0.874663949013
178.0 0.434600919485 0.872563838959
179.0 0.436653256416 0.869371652603
180.0 0.435720026493 0.869791686535
181.0 0.432259917259 0.875420033932
182.0 0.430330991745 0.875924050808
183.0 0.433106571436 0.874747991562
184.0 0.434334009886 0.872311830521
185.0 0.431031346321 0.876176059246
186.0 0.43437770009 0.872815847397
187.0 0.434596896172 0.871471762657
188.0 0.432977944613 0.874411940575
189.0 0.435567498207 0.871471762657
190.0 0.432345360518 0.874243974686
191.0 0.434188067913 0.871807813644
192.0 0.432430237532 0.874916017056
193.0 0.433356910944 0.874916017056
194.0 0.432621151209 0.876428067684
195.0 0.432634651661 0.874243974686
196.0 0.430462896824 0.875083982944
197.0 0.429816037416 0.878612220287
198.0 0.431017398834 0.876680135727
199.0 0.432170897722 0.874411940575
200.0 0.433632850647 0.874747991562
201.0 0.425632297993 0.882056474686
202.0 0.430653035641 0.879032254219
203.0 0.429013699293 0.877604186535
204.0 0.432562112808 0.87365591526
205.0 0.427110403776 0.880628347397
206.0 0.429454773664 0.878024220467
207.0 0.428887397051 0.879872322083
208.0 0.428476512432 0.876008093357
209.0 0.432398796082 0.871135771275
210.0 0.430371403694 0.878024220467
211.0 0.426584601402 0.880628347397
212.0 0.429018616676 0.879284262657
213.0 0.42926800251 0.877268135548
214.0 0.425939947367 0.879788279533
215.0 0.425362408161 0.881048381329
216.0 0.42898568511 0.878024220467
217.0 0.428280502558 0.878360211849
218.0 0.429493635893 0.877856194973
219.0 0.425448477268 0.881552398205
220.0 0.431453168392 0.87432795763
221.0 0.4283400774 0.876848101616
222.0 0.428270250559 0.877352178097
223.0 0.430781662464 0.875
224.0 0.428500562906 0.877352178097
225.0 0.426262229681 0.880628347397
226.0 0.428264439106 0.878864228725
227.0 0.427096039057 0.881888449192
228.0 0.423709958792 0.882980525494
229.0 0.427168250084 0.879620313644
230.0 0.427805095911 0.879116237164
231.0 0.425459057093 0.882728517056
232.0 0.425130099058 0.881888449192
233.0 0.42994043231 0.876932144165
234.0 0.424480110407 0.883568525314
235.0 0.425531297922 0.881804406643
236.0 0.427416861057 0.880628347397
237.0 0.424504607916 0.885668694973
238.0 0.428134888411 0.879116237164
239.0 0.419855356216 0.888776898384
240.0 0.424192398787 0.88348454237
241.0 0.424144506454 0.881888449192
242.0 0.424361884594 0.882392466068
243.0 0.424224108458 0.884240567684
244.0 0.422742605209 0.885248661041
245.0 0.423027664423 0.88415658474
246.0 0.423316210508 0.884408593178
247.0 0.422135233879 0.885080635548
248.0 0.422697335482 0.8828125
249.0 0.421569526196 0.885584652424
250.0 0.423586457968 0.88482862711
251.0 0.425281822681 0.881048381329
252.0 0.422887414694 0.885920703411
253.0 0.42143368721 0.884576618671
254.0 0.426807701588 0.880376338959
255.0 0.421557545662 0.885584652424
256.0 0.42220056057 0.88482862711
257.0 0.424060851336 0.885332643986
258.0 0.420855373144 0.887516796589
259.0 0.422051161528 0.883736550808
260.0 0.422087281942 0.886172711849
261.0 0.419129520655 0.887768805027
262.0 0.421576172113 0.886676728725
263.0 0.423931896687 0.882896482944
264.0 0.425163477659 0.881636440754
265.0 0.420766800642 0.886340737343
266.0 0.428680211306 0.877940177917
267.0 0.420154005289 0.887264788151
268.0 0.419393837452 0.888860881329
269.0 0.420024514198 0.887180805206
270.0 0.417521268129 0.890625
271.0 0.42456933856 0.884996652603
272.0 0.419796407223 0.888020813465
273.0 0.419193059206 0.887600779533
274.0 0.423497974873 0.883904576302
275.0 0.423439979553 0.882980525494
276.0 0.419979333878 0.886676728725
277.0 0.423056870699 0.885836720467
278.0 0.425438255072 0.882560491562
279.0 0.423065960407 0.882980525494
280.0 0.485889792442 0.805695593357
281.0 0.668802142143 0.589885771275
282.0 0.522994995117 0.785618305206
283.0 0.448530495167 0.862987220287
284.0 0.430529713631 0.881216406822
285.0 0.42984110117 0.881132364273
286.0 0.435188651085 0.874663949013
287.0 0.431062191725 0.879116237164
288.0 0.425180584192 0.884996652603
289.0 0.428399324417 0.881720423698
290.0 0.428660482168 0.880712389946
291.0 0.427958279848 0.880712389946
292.0 0.428966641426 0.878360211849
293.0 0.422037035227 0.887600779533
294.0 0.426810860634 0.882644474506
295.0 0.424803286791 0.883736550808
296.0 0.423256605864 0.884492635727
297.0 0.422777563334 0.885920703411
298.0 0.423016041517 0.884324610233
299.0 0.421189010143 0.887600779533
300.0 0.425641328096 0.881552398205
301.0 0.426993787289 0.880292356014
302.0 0.425092875957 0.886172711849
303.0 0.424365639687 0.883568525314
304.0 0.42082375288 0.886508762836
305.0 0.423395633698 0.885332643986
306.0 0.424879431725 0.882896482944
307.0 0.42034894228 0.886424720287
308.0 0.419588059187 0.889196932316
309.0 0.420129388571 0.888188838959
310.0 0.423768848181 0.884324610233
311.0 0.420899063349 0.888104856014
312.0 0.421295940876 0.889196932316
313.0 0.421359360218 0.887768805027
314.0 0.418778538704 0.891045033932
315.0 0.420188784599 0.889364898205
316.0 0.42099699378 0.886004686356
317.0 0.42153570056 0.886760771275
318.0 0.427043676376 0.880880355835
319.0 0.417546838522 0.892389118671
320.0 0.423749506474 0.883736550808
321.0 0.425316751003 0.883568525314
322.0 0.425300300121 0.881552398205
323.0 0.42454123497 0.883568525314
324.0 0.419482499361 0.887264788151
325.0 0.418222695589 0.891717076302
326.0 0.422912508249 0.883820593357
327.0 0.421431660652 0.885584652424
328.0 0.420171678066 0.887516796589
329.0 0.415996044874 0.893481194973
330.0 0.422935456038 0.884072601795
331.0 0.422099769115 0.884996652603
332.0 0.419747948647 0.885836720467
333.0 0.418740272522 0.889784932137
334.0 0.421355307102 0.886676728725
335.0 0.420666158199 0.888860881329
336.0 0.422201097012 0.886592745781
337.0 0.420096188784 0.888524889946
338.0 0.418780773878 0.888776898384
339.0 0.419777274132 0.88928091526
340.0 0.419975697994 0.887936830521
341.0 0.421049594879 0.888104856014
342.0 0.41731107235 0.890036940575
343.0 0.410595029593 0.89776545763
344.0 0.416348189116 0.891717076302
345.0 0.423181384802 0.886004686356
346.0 0.428434997797 0.880712389946
347.0 0.424230545759 0.885920703411
348.0 0.422887206078 0.886340737343
349.0 0.418597340584 0.890708982944
350.0 0.414593428373 0.892977178097
351.0 0.415381401777 0.892893135548
352.0 0.416681647301 0.891801059246
353.0 0.4199860394 0.888944864273
354.0 0.419933646917 0.887936830521
355.0 0.420674026012 0.887516796589
356.0 0.413806557655 0.895917356014
357.0 0.419932812452 0.886844754219
358.0 0.416360288858 0.892137110233
359.0 0.417314022779 0.890960991383
360.0 0.414920777082 0.891801059246
361.0 0.414980947971 0.894237220287
362.0 0.416172474623 0.89129704237
363.0 0.418547153473 0.890036940575
364.0 0.412926673889 0.896085321903
365.0 0.415533423424 0.892725110054
366.0 0.413946717978 0.894993305206
367.0 0.41933760047 0.889700949192
368.0 0.415074944496 0.893145143986
369.0 0.415963560343 0.893229186535
370.0 0.41607555747 0.892557144165
371.0 0.416746944189 0.890204966068
372.0 0.415074408054 0.892809152603
373.0 0.417559176683 0.890793025494
374.0 0.418633073568 0.890288949013
375.0 0.415042907 0.894741237164
376.0 0.413702487946 0.894909262657
377.0 0.412269562483 0.897513449192
378.0 0.415041923523 0.892557144165
379.0 0.418140381575 0.887936830521
380.0 0.416465193033 0.891885101795
381.0 0.416360706091 0.891381025314
382.0 0.415871083736 0.892137110233
383.0 0.412215024233 0.896337389946
384.0 0.412378489971 0.89642137289
385.0 0.414297789335 0.893397152424
386.0 0.413062095642 0.895077288151
387.0 0.417305856943 0.890625
388.0 0.412353008986 0.896337389946
389.0 0.416894197464 0.891381025314
390.0 0.418873995543 0.888524889946
391.0 0.418983966112 0.887432813644
392.0 0.414586603642 0.893061161041
393.0 0.414711743593 0.893229186535
394.0 0.413594931364 0.894741237164
395.0 0.415979295969 0.891717076302
396.0 0.413514584303 0.895665347576
397.0 0.41780397296 0.889700949192
398.0 0.413495957851 0.893733203411
399.0 0.413746893406 0.895245313644
400.0 0.413065046072 0.894741237164
401.0 0.417211562395 0.892389118671
402.0 0.410594493151 0.897597432137
403.0 0.414439827204 0.894573271275
404.0 0.413637906313 0.894321262836
405.0 0.411905199289 0.895581305027
406.0 0.414263695478 0.894405245781
407.0 0.413337796926 0.894573271275
408.0 0.410890161991 0.897429406643
409.0 0.412634253502 0.896589398384
410.0 0.415012776852 0.891885101795
411.0 0.417029440403 0.888776898384
412.0 0.411556750536 0.898101449013
413.0 0.411151647568 0.898269474506
414.0 0.410287469625 0.898017466068
415.0 0.413787961006 0.895497322083
416.0 0.411648243666 0.89776545763
417.0 0.412718236446 0.895749330521
418.0 0.414678514004 0.893397152424
419.0 0.416199713945 0.891801059246
420.0 0.414330422878 0.893649220467
421.0 0.412808805704 0.895665347576
422.0 0.416340947151 0.892473101616
423.0 0.412953585386 0.896001338959
424.0 0.414752095938 0.895161271095
425.0 0.415091693401 0.893565177917
426.0 0.41409432888 0.894741237164
427.0 0.409284889698 0.900201618671
428.0 0.418122559786 0.889448940754
429.0 0.40983080864 0.89776545763
430.0 0.412886589766 0.895329296589
431.0 0.414592623711 0.894153237343
432.0 0.409963220358 0.897933483124
433.0 0.411407917738 0.897345423698
434.0 0.416782408953 0.890036940575
435.0 0.413756430149 0.894405245781
436.0 0.410208433867 0.899949610233
437.0 0.413313955069 0.89642137289
438.0 0.412469506264 0.896925389767
439.0 0.41341945529 0.893817186356
440.0 0.41199490428 0.897513449192
441.0 0.410805076361 0.898185491562
442.0 0.410329073668 0.897429406643
443.0 0.40943312645 0.900033593178
444.0 0.411672741175 0.897009432316
445.0 0.41049978137 0.899025559425
446.0 0.409062206745 0.900789678097
447.0 0.410025924444 0.898269474506
448.0 0.412414699793 0.895497322083
449.0 0.407583624125 0.901881694794
450.0 0.41283044219 0.895329296589
451.0 0.411541491747 0.897849440575
452.0 0.40728059411 0.902469754219
453.0 0.411769896746 0.896673381329
454.0 0.409279376268 0.89910954237
455.0 0.413270771503 0.894909262657
456.0 0.410878121853 0.899613559246
457.0 0.410504996777 0.896757364273
458.0 0.410596042871 0.896925389767
459.0 0.41129937768 0.897513449192
460.0 0.410447925329 0.898353517056
461.0 0.410196483135 0.898521482944
462.0 0.410733103752 0.89776545763
463.0 0.404849648476 0.903141796589
464.0 0.41065838933 0.897933483124
465.0 0.414025515318 0.893733203411
466.0 0.413226515055 0.894069194794
467.0 0.411255955696 0.897933483124
468.0 0.411341309547 0.898017466068
469.0 0.405966430902 0.903477847576
470.0 0.408597022295 0.899529576302
471.0 0.407356262207 0.901461720467
472.0 0.409148156643 0.898941516876
473.0 0.414586424828 0.894741237164
474.0 0.406168580055 0.90423387289
475.0 0.411252558231 0.896925389767
476.0 0.413009226322 0.895665347576
477.0 0.40778362751 0.899949610233
478.0 0.410626888275 0.8984375
479.0 0.412576168776 0.897345423698
480.0 0.412562787533 0.89642137289
481.0 0.410437345505 0.896841406822
482.0 0.414430528879 0.892137110233
483.0 0.41281709075 0.894993305206
484.0 0.410987764597 0.896925389767
485.0 0.40937808156 0.898353517056
486.0 0.411143064499 0.896589398384
487.0 0.415185689926 0.89264112711
488.0 0.410847663879 0.898521482944
489.0 0.409181088209 0.898185491562
490.0 0.41344243288 0.893817186356
491.0 0.411664456129 0.898185491562
492.0 0.410731941462 0.896757364273
493.0 0.414973437786 0.892305135727
494.0 0.410514950752 0.898269474506
495.0 0.408603817225 0.901461720467
496.0 0.413033813238 0.896253347397
497.0 0.411184459925 0.896757364273
498.0 0.408213406801 0.900957643986
499.0 0.40956389904 0.900117635727
500.0 0.409005612135 0.90045362711
501.0 0.408164620399 0.901041686535
502.0 0.413709282875 0.894657254219
503.0 0.413415342569 0.895329296589
504.0 0.410460114479 0.89776545763
505.0 0.409457206726 0.897849440575
506.0 0.407664805651 0.901041686535
507.0 0.409685850143 0.898689508438
508.0 0.409530669451 0.900033593178
509.0 0.406965881586 0.901125669479
510.0 0.407328903675 0.900873661041
511.0 0.409233182669 0.899949610233
512.0 0.411763578653 0.897849440575
513.0 0.407474398613 0.902301728725
514.0 0.411586999893 0.896253347397
515.0 0.409977972507 0.898941516876
516.0 0.406886160374 0.902721762657
517.0 0.405592679977 0.903141796589
518.0 0.409020125866 0.90045362711
519.0 0.412888556719 0.896085321903
520.0 0.41278719902 0.897429406643
521.0 0.410524755716 0.899025559425
522.0 0.410318523645 0.897177398205
523.0 0.412780761719 0.895581305027
524.0 0.411058336496 0.898857533932
525.0 0.415414780378 0.892725110054
526.0 0.40989279747 0.898353517056
527.0 0.407036662102 0.902637779713
528.0 0.409867972136 0.898185491562
529.0 0.408953845501 0.899361550808
530.0 0.406093418598 0.902805805206
531.0 0.408554702997 0.899025559425
532.0 0.407987326384 0.900117635727
533.0 0.412306725979 0.896505355835
534.0 0.406249433756 0.902049720287
535.0 0.406365454197 0.902637779713
536.0 0.409901827574 0.899193525314
537.0 0.409102976322 0.900537610054
538.0 0.405175685883 0.902385771275
539.0 0.409596264362 0.899865567684
540.0 0.407993853092 0.902637779713
541.0 0.41153845191 0.896169364452
542.0 0.406756818295 0.903561830521
543.0 0.402056246996 0.90692204237
544.0 0.405286729336 0.90490591526
545.0 0.410251945257 0.90045362711
546.0 0.410034090281 0.899529576302
547.0 0.411961466074 0.896925389767
548.0 0.411228179932 0.897597432137
549.0 0.406509757042 0.901965737343
550.0 0.404940277338 0.903309822083
551.0 0.406550019979 0.903057813644
552.0 0.406714856625 0.904317855835
553.0 0.410849571228 0.897849440575
554.0 0.410536944866 0.897597432137
555.0 0.411459445953 0.896337389946
556.0 0.404896855354 0.904149889946
557.0 0.409790486097 0.898689508438
558.0 0.405473470688 0.902721762657
559.0 0.406278520823 0.902805805206
560.0 0.402560949326 0.906670033932
561.0 0.405103057623 0.904821932316
562.0 0.404260158539 0.905073940754
563.0 0.407094269991 0.902217745781
564.0 0.401151508093 0.907930135727
565.0 0.403152167797 0.906166017056
566.0 0.403853684664 0.907426059246
567.0 0.409518659115 0.90045362711
568.0 0.405934602022 0.903813838959
569.0 0.407399743795 0.903057813644
570.0 0.405503749847 0.903645813465
571.0 0.412460833788 0.897429406643
572.0 0.405980229378 0.905493974686
573.0 0.407260388136 0.902469754219
574.0 0.406616747379 0.904317855835
575.0 0.406585067511 0.903393805027
576.0 0.404278099537 0.905745983124
577.0 0.402577757835 0.906081974506
578.0 0.404809385538 0.903981864452
579.0 0.407312452793 0.900369644165
580.0 0.405422180891 0.902805805206
581.0 0.408071219921 0.899277567863
582.0 0.406032323837 0.901881694794
583.0 0.401555389166 0.906585991383
584.0 0.402715504169 0.906418025494
585.0 0.404480099678 0.904149889946
586.0 0.401383340359 0.907258093357
587.0 0.406078904867 0.902805805206
588.0 0.4030995965 0.905325949192
589.0 0.406555086374 0.901041686535
590.0 0.410733669996 0.897009432316
591.0 0.406935155392 0.901461720467
592.0 0.403584271669 0.905493974686
593.0 0.40608856082 0.903645813465
594.0 0.406119763851 0.902133762836
595.0 0.407326638699 0.902133762836
596.0 0.404823213816 0.904485881329
597.0 0.407870024443 0.901209652424
598.0 0.404475867748 0.903897821903
599.0 0.404344946146 0.905157923698
600.0 0.40360596776 0.907174050808
601.0 0.405457764864 0.905493974686
602.0 0.400157749653 0.90826612711
603.0 0.405028432608 0.905157923698
604.0 0.40353167057 0.905409932137
605.0 0.401740014553 0.907006025314
606.0 0.40434974432 0.904317855835
607.0 0.402495265007 0.905745983124
608.0 0.400809079409 0.908686161041
609.0 0.40282279253 0.906670033932
610.0 0.404806405306 0.904317855835
611.0 0.405663967133 0.902973771095
612.0 0.402728527784 0.907762110233
613.0 0.403543770313 0.90557795763
614.0 0.400120347738 0.908854186535
615.0 0.404503107071 0.906502008438
616.0 0.401509016752 0.907342076302
617.0 0.404039442539 0.905997991562
618.0 0.404389083385 0.90625
619.0 0.407218933105 0.901797711849
620.0 0.40483891964 0.902973771095
621.0 0.402696430683 0.907846093178
622.0 0.405336529016 0.902637779713
623.0 0.402199208736 0.909274220467
624.0 0.406160742044 0.903897821903
625.0 0.405783444643 0.904989898205
626.0 0.402928829193 0.906166017056
627.0 0.399133861065 0.910870313644
628.0 0.407649219036 0.903141796589
629.0 0.401860594749 0.908350110054
630.0 0.404303282499 0.904653906822
631.0 0.403952538967 0.90625
632.0 0.400835931301 0.908434152603
633.0 0.401811331511 0.907846093178
634.0 0.407157033682 0.902553737164
635.0 0.404552489519 0.904569864273
636.0 0.401650428772 0.909274220467
637.0 0.402813971043 0.906670033932
638.0 0.402440518141 0.909274220467
639.0 0.40151911974 0.906670033932
640.0 0.404490411282 0.903393805027
641.0 0.401356041431 0.908854186535
642.0 0.400936424732 0.907174050808
643.0 0.4006280303 0.908686161041
644.0 0.401802271605 0.909022152424
645.0 0.399008512497 0.911374330521
646.0 0.401089340448 0.908518135548
647.0 0.400924056768 0.908182144165
648.0 0.401807278395 0.908518135548
649.0 0.398095726967 0.911542356014
650.0 0.403065621853 0.907006025314
651.0 0.402413964272 0.906585991383
652.0 0.39672228694 0.912634432316
653.0 0.40204551816 0.907258093357
654.0 0.400635302067 0.908602178097
655.0 0.404533147812 0.904485881329
656.0 0.401914954185 0.907762110233
657.0 0.400270551443 0.908518135548
658.0 0.401918590069 0.907426059246
659.0 0.401581674814 0.909358203411
660.0 0.401354521513 0.908182144165
661.0 0.403119295835 0.906081974506
662.0 0.401876717806 0.908518135548
663.0 0.396770626307 0.913726449013
664.0 0.401556640863 0.908350110054
665.0 0.404092043638 0.906081974506
666.0 0.405122578144 0.903981864452
667.0 0.403531998396 0.90625
668.0 0.402317345142 0.908518135548
669.0 0.396724849939 0.913894474506
670.0 0.398078382015 0.911794364452
671.0 0.397665083408 0.912886440754
672.0 0.401243060827 0.909106194973
673.0 0.40494197607 0.904653906822
674.0 0.397270232439 0.91339045763
675.0 0.401443809271 0.908938169479
676.0 0.404202282429 0.905913949013
677.0 0.397962808609 0.911122322083
678.0 0.39906680584 0.910786271095
679.0 0.405890256166 0.904821932316
680.0 0.403753787279 0.906166017056
681.0 0.403023302555 0.906838059425
682.0 0.406766146421 0.902301728725
683.0 0.404446721077 0.905325949192
684.0 0.401711285114 0.908014118671
685.0 0.400146275759 0.910702288151
686.0 0.401002079248 0.909106194973
687.0 0.40636152029 0.903225779533
688.0 0.400677889585 0.908518135548
689.0 0.400766313076 0.909190177917
690.0 0.402099043131 0.906585991383
691.0 0.401318252087 0.909190177917
692.0 0.399959206581 0.909022152424
693.0 0.404267966747 0.904401898384
694.0 0.398584455252 0.911374330521
695.0 0.398317188025 0.911542356014
696.0 0.402878314257 0.906333982944
697.0 0.401056438684 0.909610211849
698.0 0.398552030325 0.912130355835
699.0 0.398428022861 0.911878347397
700.0 0.397361963987 0.913894474506
701.0 0.400371879339 0.90826612711
702.0 0.402129560709 0.90759408474
703.0 0.404024094343 0.904989898205
704.0 0.399788588285 0.910450279713
705.0 0.401316970587 0.906166017056
706.0 0.396574318409 0.913306474686
707.0 0.401346296072 0.910282254219
708.0 0.398680210114 0.912550389767
709.0 0.397385597229 0.91271841526
710.0 0.396217852831 0.913726449013
711.0 0.398851454258 0.912130355835
712.0 0.401014506817 0.909022152424
713.0 0.396651566029 0.9140625
714.0 0.400660902262 0.910282254219
715.0 0.401452302933 0.908854186535
716.0 0.397699654102 0.913054406643
717.0 0.395950853825 0.914482533932
718.0 0.398445874453 0.913558483124
719.0 0.401935786009 0.909442186356
720.0 0.402799844742 0.907258093357
721.0 0.401467263699 0.907510101795
722.0 0.398375511169 0.911122322083
723.0 0.402214616537 0.909526228905
724.0 0.399932295084 0.910282254219
725.0 0.403446435928 0.905829966068
726.0 0.399210989475 0.910702288151
727.0 0.397439002991 0.913474440575
728.0 0.398705601692 0.911710321903
729.0 0.399967700243 0.911122322083
730.0 0.396667510271 0.9140625
731.0 0.397404581308 0.912298381329
732.0 0.399443358183 0.909778237343
733.0 0.400517135859 0.909442186356
734.0 0.396502882242 0.913138449192
735.0 0.395514011383 0.914398491383
736.0 0.400069892406 0.909946262836
737.0 0.398628056049 0.911626338959
738.0 0.393725991249 0.916666686535
739.0 0.400260180235 0.909526228905
740.0 0.397515982389 0.913054406643
741.0 0.400365680456 0.910198271275
742.0 0.396966636181 0.9140625
743.0 0.391284734011 0.919270813465
744.0 0.397982984781 0.912214398384
745.0 0.401041269302 0.909106194973
746.0 0.39849460125 0.912298381329
747.0 0.399527966976 0.909778237343
748.0 0.402085959911 0.907006025314
749.0 0.396297216415 0.913978517056
750.0 0.394559264183 0.916666686535
751.0 0.396191269159 0.914902567863
752.0 0.395976990461 0.915070593357
753.0 0.398530781269 0.911122322083
754.0 0.399460166693 0.911290347576
755.0 0.402029931545 0.907090067863
756.0 0.393300831318 0.917590737343
757.0 0.397479444742 0.91271841526
758.0 0.394238680601 0.916246652603
759.0 0.395550012589 0.914230525494
760.0 0.39198294282 0.919690847397
761.0 0.394026041031 0.916162610054
762.0 0.393134832382 0.917842745781
763.0 0.397984176874 0.91204637289
764.0 0.39107978344 0.920110881329
765.0 0.39109736681 0.920950949192
766.0 0.396490693092 0.914146482944
767.0 0.397172987461 0.912382364273
768.0 0.395268827677 0.915070593357
769.0 0.397164791822 0.913642466068
770.0 0.398981779814 0.910618305206
771.0 0.400982797146 0.909106194973
772.0 0.400159806013 0.910282254219
773.0 0.399833977222 0.910786271095
774.0 0.402150213718 0.90826612711
775.0 0.401539832354 0.907846093178
776.0 0.399612933397 0.910618305206
777.0 0.396712958813 0.91339045763
778.0 0.398215174675 0.912130355835
779.0 0.4007602036 0.90759408474
780.0 0.398184984922 0.912214398384
781.0 0.400477707386 0.909022152424
782.0 0.396515399218 0.914314508438
783.0 0.39453804493 0.914818525314
784.0 0.395450353622 0.913978517056
785.0 0.394663751125 0.916918694973
786.0 0.393111497164 0.917674720287
787.0 0.395465344191 0.915070593357
788.0 0.394524782896 0.915910601616
789.0 0.395905941725 0.915154576302
790.0 0.39918166399 0.910618305206
791.0 0.397739827633 0.91339045763
792.0 0.392791062593 0.917506694794
793.0 0.395868867636 0.914482533932
794.0 0.394884377718 0.914986550808
795.0 0.396938860416 0.913558483124
796.0 0.394062578678 0.916666686535
797.0 0.397609382868 0.912802398205
798.0 0.393679350615 0.916834652424
799.0 0.393274217844 0.917002677917
800.0 0.392973661423 0.918682813644
801.0 0.393699735403 0.917674720287
802.0 0.390015810728 0.920614898205
803.0 0.393839597702 0.916918694973
804.0 0.392549455166 0.918346762657
805.0 0.390446901321 0.920698940754
806.0 0.394125401974 0.91607862711
