0.0 0.656870424747 0.629452288151
1.0 0.615787446499 0.673639118671
2.0 0.591456651688 0.705057144165
3.0 0.5574862957 0.742523491383
4.0 0.531015276909 0.775369644165
5.0 0.524812936783 0.781081974506
6.0 0.515783965588 0.789818525314
7.0 0.514158785343 0.794102847576
8.0 0.500568985939 0.804771482944
9.0 0.510705649853 0.794270813465
10.0 0.504966437817 0.801579296589
11.0 0.506290495396 0.801327288151
12.0 0.501463115215 0.803259432316
13.0 0.508035838604 0.796875
14.0 0.495321184397 0.811407923698
15.0 0.501158595085 0.805107533932
16.0 0.495654314756 0.810063838959
17.0 0.493893295527 0.811995983124
18.0 0.501550614834 0.806955635548
19.0 0.507028460503 0.800403237343
20.0 0.48874938488 0.817036271095
21.0 0.487987756729 0.819220423698
22.0 0.485215723515 0.819136440754
23.0 0.481266915798 0.823504686356
24.0 0.484328269958 0.823420703411
25.0 0.481822282076 0.822580635548
26.0 0.482568502426 0.825184822083
27.0 0.483222305775 0.822748661041
28.0 0.47459423542 0.830897152424
29.0 0.477413207293 0.828208982944
30.0 0.477674454451 0.829805135727
31.0 0.479786902666 0.828965067863
32.0 0.476960092783 0.828881025314
33.0 0.478654265404 0.828545033932
34.0 0.483867973089 0.823336720467
35.0 0.477337539196 0.829301059246
36.0 0.471871942282 0.835349440575
37.0 0.484649300575 0.819724440575
38.0 0.786212086678 0.49865591526
39.0 0.658652365208 0.601226449013
40.0 0.479249715805 0.827620983124
41.0 0.471007883549 0.834173381329
42.0 0.472492665052 0.834089398384
43.0 0.465662628412 0.841313838959
44.0 0.468695104122 0.837617635727
45.0 0.476576149464 0.83014112711
46.0 0.469353228807 0.834929406643
47.0 0.468312382698 0.837113559246
48.0 0.470896661282 0.835349440575
49.0 0.468485683203 0.839549720287
50.0 0.465991318226 0.842321932316
51.0 0.476740479469 0.830645143986
52.0 0.468802183867 0.837701618671
53.0 0.466244190931 0.840305805206
54.0 0.470207542181 0.835181474686
55.0 0.467530936003 0.836945593357
56.0 0.465084940195 0.839465737343
57.0 0.464584797621 0.84307795763
58.0 0.462934553623 0.84442204237
59.0 0.467075645924 0.841061830521
60.0 0.465966433287 0.841061830521
61.0 0.467132598162 0.838037610054
62.0 0.463919073343 0.844002008438
63.0 0.460178881884 0.849714398384
64.0 0.461580663919 0.846774220467
65.0 0.47171780467 0.835769474506
66.0 0.465883433819 0.843833982944
67.0 0.464652061462 0.840221762657
68.0 0.456656634808 0.851898491383
69.0 0.457490682602 0.850974440575
70.0 0.459220051765 0.848958313465
71.0 0.465155363083 0.841229856014
72.0 0.455169260502 0.850974440575
73.0 0.466936081648 0.840221762657
74.0 0.466062307358 0.841481864452
75.0 0.469520866871 0.838205635548
76.0 0.459017038345 0.848454296589
77.0 0.460726082325 0.848370313644
78.0 0.459053993225 0.850050389767
79.0 0.46276307106 0.844338059425
80.0 0.460783720016 0.845010101795
81.0 0.458510994911 0.846690177917
82.0 0.461769193411 0.843666017056
83.0 0.460697293282 0.844926059246
84.0 0.459816068411 0.84442204237
85.0 0.456701248884 0.850302398205
86.0 0.457847058773 0.849126338959
87.0 0.457555502653 0.848370313644
88.0 0.459753841162 0.846858203411
89.0 0.458229035139 0.847530245781
90.0 0.452476739883 0.855510771275
91.0 0.451671600342 0.854502677917
92.0 0.453853160143 0.852402567863
93.0 0.448721647263 0.85735887289
94.0 0.455478012562 0.851814508438
95.0 0.457256615162 0.851478517056
96.0 0.455147027969 0.850722432137
97.0 0.456095695496 0.850134432316
98.0 0.464018553495 0.842489898205
99.0 0.458597660065 0.847950279713
100.0 0.451912820339 0.853326618671
101.0 0.459927886724 0.847362220287
102.0 0.455560386181 0.851898491383
103.0 0.453882455826 0.852066516876
104.0 0.456390500069 0.848538279533
105.0 0.456873625517 0.851394474506
106.0 0.450953125954 0.856770813465
107.0 0.45372197032 0.852822601795
108.0 0.461598336697 0.843833982944
109.0 0.452884674072 0.851982533932
110.0 0.449124127626 0.857106864452
111.0 0.44884672761 0.857274889946
112.0 0.454949110746 0.852570593357
113.0 0.445753484964 0.863155245781
114.0 0.45141261816 0.856938838959
115.0 0.452928036451 0.853494644165
116.0 0.446861177683 0.860299050808
117.0 0.452267587185 0.855174720287
118.0 0.45156532526 0.856014788151
119.0 0.457166939974 0.849882364273
120.0 0.455157399178 0.852654576302
121.0 0.449936449528 0.856686830521
122.0 0.450168907642 0.853914678097
123.0 0.450515419245 0.856098771095
124.0 0.448834240437 0.85735887289
125.0 0.451416522264 0.851478517056
126.0 0.454058647156 0.851226449013
127.0 0.448219805956 0.858114898205
128.0 0.452912896872 0.851310491562
129.0 0.45330196619 0.85290658474
130.0 0.452324360609 0.85290658474
131.0 0.448792368174 0.857694864273
132.0 0.457795143127 0.848370313644
133.0 0.446221411228 0.861223101616
134.0 0.44649541378 0.859795033932
135.0 0.446792185307 0.857610881329
136.0 0.449887633324 0.854586720467
137.0 0.453118115664 0.853158593178
138.0 0.445556014776 0.862063169479
139.0 0.448694854975 0.859879016876
140.0 0.452236801386 0.854754686356
141.0 0.447423756123 0.86004704237
142.0 0.449226170778 0.857106864452
143.0 0.448164343834 0.859038949013
144.0 0.448320120573 0.855846762657
145.0 0.446350127459 0.860467076302
146.0 0.447185665369 0.859458982944
147.0 0.450244724751 0.856518805027
148.0 0.443203419447 0.863659262657
149.0 0.445094972849 0.860887110233
150.0 0.442920386791 0.864247322083
151.0 0.454337567091 0.854082643986
152.0 0.449587762356 0.856350779533
153.0 0.446547478437 0.859375
154.0 0.449731737375 0.855174720287
155.0 0.449766010046 0.853158593178
156.0 0.446174770594 0.862063169479
157.0 0.448704302311 0.854838728905
158.0 0.441087007523 0.865759432316
159.0 0.445245712996 0.862735211849
160.0 0.442795753479 0.863995313644
161.0 0.442244142294 0.865255355835
162.0 0.447659164667 0.856182813644
163.0 0.443419992924 0.86139112711
164.0 0.442018598318 0.866263449192
165.0 0.444859296083 0.861643135548
166.0 0.445460438728 0.86139112711
167.0 0.444584459066 0.862651228905
168.0 0.446899533272 0.857274889946
169.0 0.447118669748 0.858534932137
170.0 0.44571596384 0.861643135548
171.0 0.446893781424 0.857946932316
172.0 0.440897077322 0.864919364452
173.0 0.441175490618 0.865507364273
174.0 0.440961807966 0.864079296589
175.0 0.445002615452 0.86139112711
176.0 0.442723810673 0.862399220467
177.0 0.443320810795 0.863239228725
178.0 0.441146016121 0.864079296589
179.0 0.443634688854 0.860383093357
180.0 0.440963894129 0.866767466068
181.0 0.441878825426 0.863995313644
182.0 0.442105233669 0.864331305027
183.0 0.443561017513 0.864247322083
184.0 0.439203292131 0.867523491383
185.0 0.441434144974 0.864667356014
186.0 0.445328325033 0.862315177917
187.0 0.443276107311 0.861643135548
188.0 0.439740121365 0.865591406822
189.0 0.443190872669 0.862483203411
190.0 0.438154459 0.868867635727
191.0 0.438632458448 0.866095423698
192.0 0.440066665411 0.86651545763
193.0 0.442091673613 0.864499330521
194.0 0.438514024019 0.868951618671
195.0 0.43827778101 0.869035601616
196.0 0.438692986965 0.868867635727
197.0 0.444846659899 0.861895143986
198.0 0.437364310026 0.869287610054
199.0 0.437797784805 0.868783593178
200.0 0.445416361094 0.861055135727
201.0 0.445454180241 0.860551059246
202.0 0.440521359444 0.865927398205
203.0 0.439961880445 0.868363559246
204.0 0.438891708851 0.868783593178
205.0 0.440125793219 0.86651545763
206.0 0.439617455006 0.868279576302
207.0 0.429811507463 0.879032254219
208.0 0.432179450989 0.87567204237
209.0 0.438926011324 0.866179406643
210.0 0.438719034195 0.867103517056
211.0 0.439080834389 0.865759432316
212.0 0.439104259014 0.868111550808
213.0 0.438193082809 0.864331305027
214.0 0.434923410416 0.871051728725
215.0 0.439981043339 0.86785954237
216.0 0.439154744148 0.869287610054
217.0 0.44544121623 0.859879016876
218.0 0.438220411539 0.867775559425
219.0 0.438940197229 0.868195593357
220.0 0.432065695524 0.87365591526
221.0 0.441232949495 0.865339398384
222.0 0.435607135296 0.869539678097
223.0 0.436249881983 0.871303737164
224.0 0.4348128438 0.872227847576
225.0 0.433104932308 0.874495983124
226.0 0.432148844004 0.876260101795
227.0 0.433957785368 0.873907923698
228.0 0.43387901783 0.872227847576
229.0 0.432910352945 0.874159932137
230.0 0.435392558575 0.869875669479
231.0 0.438709795475 0.867607533932
232.0 0.433060854673 0.873823940754
233.0 0.435510575771 0.868615567684
234.0 0.436837673187 0.872227847576
235.0 0.437038093805 0.869707643986
236.0 0.433000922203 0.875504016876
237.0 0.43953487277 0.866011440754
238.0 0.444494307041 0.861895143986
239.0 0.436248242855 0.871051728725
240.0 0.433993011713 0.872731864452
241.0 0.431026101112 0.874916017056
242.0 0.431967079639 0.874831974506
243.0 0.434380352497 0.870883762836
244.0 0.43364778161 0.872227847576
245.0 0.436411321163 0.870799720287
246.0 0.431025594473 0.873487889767
247.0 0.429536223412 0.878108203411
248.0 0.431872338057 0.875840067863
249.0 0.433973580599 0.872815847397
250.0 0.432394534349 0.874411940575
251.0 0.435842812061 0.869623661041
252.0 0.431980580091 0.873991906643
253.0 0.432189166546 0.872059822083
254.0 0.432368576527 0.873823940754
255.0 0.434419155121 0.871555805206
256.0 0.431575447321 0.874663949013
257.0 0.433086365461 0.873991906643
258.0 0.433180898428 0.873235881329
259.0 0.431849449873 0.876176059246
260.0 0.438134253025 0.871387779713
261.0 0.449182361364 0.858366906643
262.0 0.438750863075 0.867355525494
263.0 0.43418598175 0.872479856014
264.0 0.434729129076 0.873151898384
265.0 0.440034151077 0.867103517056
266.0 0.436748743057 0.869539678097
267.0 0.436171203852 0.870967745781
268.0 0.433620214462 0.874243974686
269.0 0.431406974792 0.875335991383
270.0 0.435446947813 0.870967745781
271.0 0.43550696969 0.871051728725
272.0 0.430178582668 0.876008093357
273.0 0.436006963253 0.871471762657
274.0 0.438373804092 0.868951618671
275.0 0.434442549944 0.871807813644
276.0 0.429972976446 0.87567204237
277.0 0.430064827204 0.877436161041
278.0 0.428803503513 0.878108203411
279.0 0.43078994751 0.875504016876
280.0 0.431657522917 0.875756025314
281.0 0.431710809469 0.873067855835
282.0 0.43314653635 0.874831974506
283.0 0.433866798878 0.872059822083
284.0 0.435937821865 0.872563838959
285.0 0.432043880224 0.876764118671
286.0 0.432698577642 0.873907923698
287.0 0.430004268885 0.877352178097
288.0 0.433745324612 0.872311830521
289.0 0.436058938503 0.871471762657
290.0 0.432311892509 0.875840067863
291.0 0.430024683475 0.878780245781
292.0 0.433151215315 0.872815847397
293.0 0.425594776869 0.88415658474
294.0 0.431265771389 0.878780245781
295.0 0.431647568941 0.874831974506
296.0 0.433329463005 0.874916017056
297.0 0.432475417852 0.875168025494
298.0 0.43801009655 0.870631694794
299.0 0.435134381056 0.871303737164
300.0 0.431170463562 0.876008093357
301.0 0.430570453405 0.87701612711
302.0 0.43035531044 0.877268135548
303.0 0.432933628559 0.875083982944
304.0 0.432067871094 0.875588059425
305.0 0.471937924623 0.839633762836
306.0 0.459658622742 0.847362220287
307.0 0.442361801863 0.865507364273
308.0 0.442180752754 0.865255355835
309.0 0.437364220619 0.870631694794
310.0 0.43195232749 0.874579966068
311.0 0.432379335165 0.876680135727
312.0 0.436512827873 0.869791686535
313.0 0.42774617672 0.880376338959
314.0 0.431560188532 0.875083982944
315.0 0.431608915329 0.876680135727
316.0 0.430545508862 0.876932144165
317.0 0.43189227581 0.875924050808
318.0 0.4285338521 0.880460321903
319.0 0.43641936779 0.870127677917
320.0 0.432678878307 0.873571932316
321.0 0.429938107729 0.877520143986
322.0 0.430345952511 0.876260101795
323.0 0.428791880608 0.878528237343
324.0 0.428958058357 0.878948271275
325.0 0.431959420443 0.875168025494
326.0 0.428760021925 0.877940177917
327.0 0.4242657125 0.883736550808
328.0 0.431359738111 0.876680135727
329.0 0.434166252613 0.872395813465
330.0 0.430666327477 0.876008093357
331.0 0.429522305727 0.880292356014
332.0 0.433030277491 0.873403906822
333.0 0.426908880472 0.879116237164
334.0 0.428868174553 0.878444194794
335.0 0.42816606164 0.879368305206
336.0 0.427742123604 0.878024220467
337.0 0.430965423584 0.874579966068
338.0 0.422184318304 0.888524889946
339.0 0.426022768021 0.880376338959
340.0 0.430396735668 0.875420033932
341.0 0.425881117582 0.881048381329
342.0 0.42879268527 0.878696262836
343.0 0.42757537961 0.880964398384
344.0 0.42882540822 0.879032254219
345.0 0.427401721478 0.880208313465
346.0 0.428960621357 0.878780245781
347.0 0.425433427095 0.880712389946
348.0 0.422428280115 0.886676728725
349.0 0.427257359028 0.88146841526
350.0 0.428057312965 0.879284262657
351.0 0.435037195683 0.869791686535
352.0 0.427165329456 0.881300389767
353.0 0.425767153502 0.882980525494
354.0 0.431727617979 0.875420033932
355.0 0.428627997637 0.878612220287
356.0 0.426429837942 0.879704296589
357.0 0.43030294776 0.875420033932
358.0 0.424392521381 0.883316516876
359.0 0.426917672157 0.880544364452
360.0 0.42829734087 0.878864228725
361.0 0.424271792173 0.884744644165
362.0 0.424854069948 0.880292356014
363.0 0.423425853252 0.883736550808
364.0 0.42553037405 0.882980525494
365.0 0.428081601858 0.878444194794
366.0 0.429039239883 0.880208313465
367.0 0.429979711771 0.877184152603
368.0 0.423846960068 0.883568525314
369.0 0.42716640234 0.880628347397
370.0 0.427126407623 0.878360211849
371.0 0.431350678205 0.875083982944
372.0 0.423304855824 0.882644474506
373.0 0.422930508852 0.885752677917
374.0 0.424231857061 0.884408593178
375.0 0.428250551224 0.879872322083
376.0 0.425729990005 0.881216406822
377.0 0.424384176731 0.882728517056
378.0 0.423039257526 0.886676728725
379.0 0.426314353943 0.883568525314
380.0 0.423944622278 0.88348454237
381.0 0.424048632383 0.884492635727
382.0 0.42271065712 0.885164678097
383.0 0.430506587029 0.876176059246
384.0 0.425294071436 0.882644474506
385.0 0.425379216671 0.883232533932
386.0 0.426795423031 0.881384432316
387.0 0.428613930941 0.878864228725
388.0 0.422299444675 0.88348454237
389.0 0.433294117451 0.877772152424
390.0 0.430096298456 0.879704296589
391.0 0.427886873484 0.880124330521
392.0 0.429592370987 0.875840067863
393.0 0.425856053829 0.88214045763
394.0 0.423342108727 0.88482862711
395.0 0.424428910017 0.883736550808
396.0 0.425852566957 0.882728517056
397.0 0.42609962821 0.882728517056
398.0 0.422322273254 0.885248661041
399.0 0.422275513411 0.885080635548
400.0 0.426662236452 0.881048381329
401.0 0.425279974937 0.882728517056
402.0 0.422434985638 0.885080635548
403.0 0.423036396503 0.885164678097
404.0 0.423854976892 0.88415658474
405.0 0.425937354565 0.880544364452
406.0 0.422034561634 0.886676728725
407.0 0.414965629578 0.894573271275
408.0 0.417127996683 0.890877008438
409.0 0.422968059778 0.886340737343
410.0 0.422916084528 0.884324610233
411.0 0.42597874999 0.881804406643
412.0 0.425875991583 0.879284262657
413.0 0.421759039164 0.886508762836
414.0 0.420707732439 0.887348771095
415.0 0.422872781754 0.883652567863
416.0 0.42231759429 0.885080635548
417.0 0.427930146456 0.879368305206
418.0 0.425144612789 0.881048381329
419.0 0.42560043931 0.881384432316
420.0 0.417327046394 0.889868974686
421.0 0.421862065792 0.885752677917
422.0 0.423709541559 0.881552398205
423.0 0.420478731394 0.887516796589
424.0 0.418748885393 0.889616906643
425.0 0.419567465782 0.887516796589
426.0 0.418854981661 0.887936830521
427.0 0.419979184866 0.889364898205
428.0 0.419993281364 0.887936830521
429.0 0.418185293674 0.890456974506
430.0 0.418603658676 0.890708982944
431.0 0.424861252308 0.884576618671
432.0 0.420073181391 0.888356864452
433.0 0.423071175814 0.884744644165
434.0 0.421592175961 0.885836720467
435.0 0.422496467829 0.883736550808
436.0 0.417132884264 0.890288949013
437.0 0.424274802208 0.882896482944
438.0 0.424732357264 0.883316516876
439.0 0.422825723886 0.885080635548
440.0 0.420256882906 0.887768805027
441.0 0.418144643307 0.88995295763
442.0 0.41886267066 0.88928091526
443.0 0.419690579176 0.889196932316
444.0 0.418342143297 0.889700949192
445.0 0.423697769642 0.883568525314
446.0 0.418182730675 0.890036940575
447.0 0.416937708855 0.892809152603
448.0 0.418375313282 0.889700949192
449.0 0.420948266983 0.887852847576
450.0 0.417626857758 0.890793025494
451.0 0.4231800735 0.885668694973
452.0 0.417852640152 0.890372991562
453.0 0.419751554728 0.886424720287
454.0 0.421135157347 0.886424720287
455.0 0.42395350337 0.88482862711
456.0 0.424406200647 0.883316516876
457.0 0.424488216639 0.882476449013
458.0 0.42222070694 0.883568525314
459.0 0.420832395554 0.888776898384
460.0 0.419926047325 0.887096762657
461.0 0.428055047989 0.879284262657
462.0 0.422607094049 0.883736550808
463.0 0.421559274197 0.886256694794
464.0 0.42136707902 0.884744644165
465.0 0.424918800592 0.883988559246
466.0 0.421395093203 0.888020813465
467.0 0.422550082207 0.886928737164
468.0 0.421846210957 0.887684822083
469.0 0.420900076628 0.886508762836
470.0 0.422846764326 0.883904576302
471.0 0.421826809645 0.884912610054
472.0 0.417539566755 0.891213059425
473.0 0.42289274931 0.885752677917
474.0 0.422381013632 0.885752677917
475.0 0.42312720418 0.884576618671
476.0 0.417267262936 0.891381025314
477.0 0.414683878422 0.894993305206
478.0 0.415150254965 0.893565177917
479.0 0.417780816555 0.889196932316
480.0 0.41830098629 0.888944864273
481.0 0.416577041149 0.892977178097
482.0 0.421219438314 0.888188838959
483.0 0.422085016966 0.885080635548
484.0 0.421590387821 0.884408593178
485.0 0.417261511087 0.890793025494
486.0 0.420177787542 0.886928737164
487.0 0.420285046101 0.888188838959
488.0 0.420836865902 0.886508762836
489.0 0.420598089695 0.889028906822
490.0 0.41677108407 0.892473101616
491.0 0.4152328372 0.891717076302
492.0 0.421804577112 0.884324610233
493.0 0.413610219955 0.895077288151
494.0 0.419066518545 0.889364898205
495.0 0.421102613211 0.888104856014
496.0 0.416745573282 0.892221093178
497.0 0.41781809926 0.889112889767
498.0 0.425149321556 0.881384432316
499.0 0.423555284739 0.882728517056
500.0 0.416705906391 0.889364898205
501.0 0.418255269527 0.891549050808
502.0 0.419911593199 0.887684822083
503.0 0.422198235989 0.886340737343
504.0 0.421070218086 0.887516796589
505.0 0.418594568968 0.889112889767
506.0 0.421676963568 0.886004686356
507.0 0.422556221485 0.883820593357
508.0 0.426305294037 0.881048381329
509.0 0.450525194407 0.861055135727
510.0 0.448789030313 0.865003347397
511.0 0.443335205317 0.868783593178
512.0 0.435407906771 0.871387779713
513.0 0.431308507919 0.875756025314
514.0 0.436070650816 0.869539678097
515.0 0.434572190046 0.872311830521
516.0 0.426289379597 0.881888449192
517.0 0.431801617146 0.879536271095
518.0 0.428987592459 0.881888449192
519.0 0.440029293299 0.870547711849
520.0 0.432013034821 0.876680135727
521.0 0.42808252573 0.880124330521
522.0 0.42946305871 0.877772152424
523.0 0.430326223373 0.876932144165
524.0 0.441340774298 0.866683483124
525.0 0.497088968754 0.817372322083
526.0 0.49186861515 0.821236550808
527.0 0.506645798683 0.806367635727
528.0 0.47619920969 0.834677398205
529.0 0.457977831364 0.851730525494
530.0 0.44526168704 0.863491237164
531.0 0.438284546137 0.869455635548
532.0 0.437622636557 0.869539678097
533.0 0.432282686234 0.876176059246
534.0 0.430370092392 0.878612220287
535.0 0.428969711065 0.878696262836
536.0 0.430279970169 0.877856194973
537.0 0.433548271656 0.875588059425
538.0 0.424409300089 0.883652567863
539.0 0.426279634237 0.8828125
540.0 0.430512964725 0.87701612711
541.0 0.424780040979 0.885080635548
542.0 0.424861878157 0.882308483124
543.0 0.423427820206 0.88482862711
544.0 0.424552828074 0.883568525314
545.0 0.421765446663 0.887348771095
546.0 0.423368871212 0.886004686356
547.0 0.421393573284 0.885920703411
548.0 0.413427978754 0.896337389946
549.0 0.418706536293 0.889784932137
550.0 0.416477322578 0.891465067863
551.0 0.419794470072 0.887012779713
552.0 0.417235553265 0.890960991383
553.0 0.416173547506 0.892557144165
554.0 0.420159578323 0.887684822083
555.0 0.417989045382 0.889112889767
556.0 0.414121866226 0.894489228725
557.0 0.420493960381 0.887684822083
558.0 0.415287971497 0.893565177917
559.0 0.414634287357 0.893733203411
560.0 0.416893452406 0.891717076302
561.0 0.413039177656 0.895833313465
562.0 0.412810593843 0.895665347576
563.0 0.413616597652 0.893817186356
564.0 0.413254022598 0.895077288151
565.0 0.417651295662 0.890793025494
566.0 0.420439720154 0.887348771095
567.0 0.418522328138 0.890372991562
568.0 0.414164155722 0.894657254219
569.0 0.418624579906 0.88928091526
570.0 0.414963960648 0.893061161041
571.0 0.418172121048 0.89129704237
572.0 0.416330754757 0.891885101795
573.0 0.41378903389 0.895245313644
574.0 0.411595225334 0.897933483124
575.0 0.416030138731 0.892053067684
576.0 0.415404647589 0.893649220467
577.0 0.41480961442 0.893985211849
578.0 0.413428246975 0.895833313465
579.0 0.414774626493 0.893817186356
580.0 0.414886623621 0.893649220467
581.0 0.410961180925 0.898353517056
582.0 0.413346886635 0.895833313465
583.0 0.417284309864 0.891213059425
584.0 0.415637284517 0.892305135727
585.0 0.416406869888 0.891717076302
586.0 0.416435033083 0.890372991562
587.0 0.417632818222 0.890456974506
588.0 0.411963641644 0.895833313465
589.0 0.415909588337 0.893145143986
590.0 0.416902571917 0.891465067863
591.0 0.413032770157 0.896085321903
592.0 0.415661811829 0.892725110054
593.0 0.415949493647 0.893481194973
594.0 0.41314432025 0.894321262836
595.0 0.414314061403 0.893817186356
596.0 0.415349453688 0.893313169479
597.0 0.417711079121 0.889532923698
598.0 0.413459330797 0.895161271095
599.0 0.412097960711 0.895749330521
600.0 0.414145857096 0.894993305206
601.0 0.414267599583 0.893817186356
602.0 0.41155102849 0.896001338959
603.0 0.410462498665 0.898269474506
604.0 0.413325935602 0.895917356014
605.0 0.412604212761 0.896757364273
606.0 0.410808861256 0.898017466068
607.0 0.401736199856 0.907426059246
608.0 0.408822089434 0.89978158474
609.0 0.412753969431 0.896337389946
610.0 0.412297934294 0.896673381329
611.0 0.413641661406 0.895917356014
612.0 0.413622170687 0.895497322083
613.0 0.412206739187 0.895245313644
614.0 0.408529520035 0.900957643986
615.0 0.409960091114 0.898857533932
616.0 0.410933464766 0.89776545763
617.0 0.417456626892 0.889700949192
618.0 0.4143460989 0.895161271095
619.0 0.414237558842 0.895245313644
620.0 0.406444698572 0.902301728725
621.0 0.410537719727 0.897849440575
622.0 0.40985006094 0.900117635727
623.0 0.409991115332 0.898185491562
624.0 0.407561272383 0.901713728905
625.0 0.407129794359 0.903393805027
626.0 0.406539052725 0.903393805027
627.0 0.407954275608 0.901293694973
628.0 0.408033549786 0.900537610054
629.0 0.406430155039 0.903057813644
630.0 0.407144039869 0.90045362711
631.0 0.411508858204 0.897345423698
632.0 0.407300055027 0.900369644165
633.0 0.410733759403 0.89709341526
634.0 0.408471554518 0.90045362711
635.0 0.410278469324 0.897849440575
636.0 0.406352102757 0.902049720287
637.0 0.411763131618 0.898521482944
638.0 0.412635058165 0.894657254219
639.0 0.410797119141 0.898941516876
640.0 0.408582925797 0.902049720287
641.0 0.406394094229 0.903813838959
642.0 0.407689869404 0.902301728725
643.0 0.407794445753 0.902217745781
644.0 0.405197501183 0.903897821903
645.0 0.409916251898 0.898857533932
646.0 0.40824586153 0.900369644165
647.0 0.404652506113 0.905073940754
648.0 0.405499339104 0.904653906822
649.0 0.409082323313 0.901041686535
650.0 0.403916090727 0.906585991383
651.0 0.408967465162 0.900705635548
652.0 0.406903624535 0.901965737343
653.0 0.404379159212 0.905493974686
654.0 0.409572601318 0.899613559246
655.0 0.410076588392 0.899361550808
656.0 0.41039955616 0.898185491562
657.0 0.41166138649 0.895497322083
658.0 0.409832686186 0.899025559425
659.0 0.410148948431 0.89978158474
660.0 0.407632112503 0.902973771095
661.0 0.41871970892 0.889112889767
662.0 0.409707844257 0.898521482944
663.0 0.409699469805 0.89910954237
664.0 0.408131211996 0.900369644165
665.0 0.413099855185 0.895581305027
666.0 0.406859397888 0.902217745781
667.0 0.411115407944 0.899277567863
668.0 0.409863710403 0.899613559246
669.0 0.407362222672 0.902385771275
670.0 0.409025579691 0.900789678097
671.0 0.407042354345 0.901965737343
672.0 0.406019896269 0.903561830521
673.0 0.408880591393 0.900201618671
674.0 0.409615725279 0.900117635727
675.0 0.409657090902 0.899865567684
676.0 0.403162628412 0.906585991383
677.0 0.402281850576 0.907762110233
678.0 0.399964362383 0.910534262657
679.0 0.402394086123 0.907846093178
680.0 0.404085755348 0.905913949013
681.0 0.402189016342 0.909358203411
682.0 0.40379267931 0.906670033932
683.0 0.407736718655 0.902805805206
684.0 0.406167626381 0.903897821903
685.0 0.401811242104 0.907762110233
686.0 0.406358987093 0.904065847397
687.0 0.404418826103 0.904485881329
688.0 0.405860573053 0.904149889946
689.0 0.406821787357 0.902889788151
690.0 0.400927096605 0.909526228905
691.0 0.400504291058 0.909778237343
692.0 0.406378269196 0.903309822083
693.0 0.399497121572 0.910786271095
694.0 0.4061460495 0.904485881329
695.0 0.405258268118 0.903477847576
696.0 0.401137024164 0.908350110054
697.0 0.403122454882 0.906585991383
698.0 0.407351791859 0.902637779713
699.0 0.406410127878 0.903057813644
700.0 0.401299804449 0.909946262836
701.0 0.401416093111 0.909106194973
702.0 0.401610255241 0.908770143986
703.0 0.404917567968 0.905829966068
704.0 0.404788613319 0.905409932137
705.0 0.401787817478 0.908182144165
706.0 0.407797366381 0.901881694794
707.0 0.406135708094 0.903645813465
708.0 0.409623712301 0.899697601795
709.0 0.417070627213 0.891381025314
710.0 0.417606145144 0.890541017056
711.0 0.414935946465 0.894825279713
712.0 0.414741307497 0.893817186356
713.0 0.413212329149 0.895413279533
714.0 0.41422110796 0.893901228905
715.0 0.412088483572 0.89776545763
716.0 0.409561604261 0.899949610233
717.0 0.41391953826 0.894153237343
718.0 0.412242352962 0.895665347576
719.0 0.416266947985 0.892389118671
720.0 0.415323495865 0.892389118671
721.0 0.413563609123 0.893229186535
722.0 0.412946462631 0.896169364452
723.0 0.412249654531 0.895833313465
724.0 0.413935661316 0.895161271095
725.0 0.412672400475 0.896757364273
726.0 0.412041604519 0.895581305027
727.0 0.406526595354 0.901377677917
728.0 0.412071794271 0.897261440754
729.0 0.415924847126 0.89264112711
730.0 0.412729650736 0.897009432316
731.0 0.414158165455 0.894993305206
732.0 0.41504123807 0.893481194973
733.0 0.407410502434 0.904821932316
734.0 0.409127891064 0.89978158474
735.0 0.409641623497 0.899697601795
736.0 0.409872859716 0.899445593357
737.0 0.413303732872 0.895749330521
738.0 0.406196951866 0.903141796589
739.0 0.409483641386 0.899697601795
740.0 0.414234042168 0.893733203411
741.0 0.411163449287 0.898101449013
742.0 0.411891102791 0.897261440754
743.0 0.410291820765 0.89978158474
744.0 0.411928802729 0.896337389946
745.0 0.408891707659 0.900369644165
746.0 0.409853547812 0.900537610054
747.0 0.404734283686 0.904569864273
748.0 0.40084117651 0.910282254219
749.0 0.403672277927 0.906502008438
750.0 0.403203547001 0.907258093357
751.0 0.414890378714 0.892809152603
752.0 0.411298513412 0.897261440754
753.0 0.410142987967 0.899277567863
754.0 0.414808511734 0.893985211849
755.0 0.411987274885 0.895917356014
756.0 0.409854352474 0.8984375
757.0 0.413025915623 0.895833313465
758.0 0.40856346488 0.900117635727
759.0 0.407789379358 0.902133762836
760.0 0.41247344017 0.896841406822
761.0 0.407347291708 0.902217745781
762.0 0.406547635794 0.903393805027
763.0 0.408256024122 0.902301728725
764.0 0.408018290997 0.90045362711
765.0 0.411210179329 0.899949610233
766.0 0.413680911064 0.895329296589
767.0 0.411585569382 0.8984375
768.0 0.408199727535 0.901125669479
769.0 0.411892920732 0.89776545763
770.0 0.409590035677 0.899193525314
771.0 0.410494029522 0.899193525314
772.0 0.408696442842 0.90045362711
773.0 0.407179892063 0.901377677917
774.0 0.405227541924 0.904485881329
775.0 0.410792946815 0.897849440575
776.0 0.410721480846 0.898689508438
777.0 0.407958567142 0.900285601616
778.0 0.408404320478 0.899697601795
779.0 0.410335123539 0.898941516876
780.0 0.410031318665 0.899529576302
781.0 0.407281577587 0.901461720467
782.0 0.407987654209 0.901545703411
783.0 0.411929398775 0.898773491383
784.0 0.40878418088 0.901881694794
785.0 0.409343063831 0.899277567863
786.0 0.408373713493 0.900705635548
787.0 0.411974519491 0.897177398205
788.0 0.406316936016 0.904401898384
789.0 0.414191246033 0.895077288151
790.0 0.413613766432 0.893985211849
791.0 0.410249352455 0.898689508438
792.0 0.411789029837 0.896001338959
793.0 0.41081905365 0.89776545763
794.0 0.409748643637 0.899529576302
795.0 0.408563792706 0.901293694973
796.0 0.410839438438 0.898185491562
797.0 0.41334566474 0.894237220287
798.0 0.407566606998 0.901965737343
799.0 0.405069202185 0.904821932316
800.0 0.409735739231 0.899697601795
801.0 0.409281611443 0.900369644165
802.0 0.408128678799 0.901545703411
803.0 0.407057732344 0.904401898384
804.0 0.409101754427 0.899865567684
805.0 0.408852815628 0.900285601616
806.0 0.405843883753 0.903393805027
807.0 0.399062663317 0.911374330521
808.0 0.402737349272 0.907174050808
809.0 0.408781319857 0.898941516876
810.0 0.407357275486 0.901545703411
811.0 0.408814996481 0.901209652424
812.0 0.408773124218 0.898773491383
813.0 0.409082710743 0.900285601616
814.0 0.404539495707 0.904989898205
815.0 0.405449450016 0.903897821903
816.0 0.406787574291 0.903393805027
817.0 0.412743836641 0.895413279533
818.0 0.409718245268 0.898101449013
819.0 0.410180687904 0.89709341526
820.0 0.401822417974 0.908602178097
821.0 0.407371878624 0.902385771275
822.0 0.406942218542 0.902637779713
823.0 0.406452268362 0.903729856014
824.0 0.401569336653 0.908518135548
825.0 0.401277124882 0.908182144165
826.0 0.40389662981 0.906585991383
827.0 0.404094994068 0.90557795763
828.0 0.403220385313 0.907174050808
829.0 0.401785373688 0.907762110233
830.0 0.403151899576 0.907174050808
831.0 0.40761500597 0.900621652603
832.0 0.404414236546 0.903981864452
833.0 0.40654656291 0.903477847576
834.0 0.404729038477 0.904569864273
835.0 0.405177772045 0.903981864452
836.0 0.402957826853 0.907762110233
837.0 0.406851947308 0.902973771095
838.0 0.407585918903 0.901797711849
839.0 0.404752969742 0.905073940754
840.0 0.404162079096 0.90625
841.0 0.401793599129 0.908518135548
842.0 0.4023219347 0.908518135548
843.0 0.406840771437 0.901881694794
844.0 0.401361972094 0.908602178097
845.0 0.405817419291 0.903813838959
846.0 0.402722477913 0.908518135548
847.0 0.400810927153 0.908854186535
848.0 0.401884824038 0.909106194973
849.0 0.406027436256 0.904569864273
850.0 0.399734288454 0.909778237343
851.0 0.404431134462 0.905493974686
852.0 0.400871425867 0.909022152424
853.0 0.400923609734 0.909694194794
854.0 0.406482517719 0.904149889946
855.0 0.4058547616 0.903645813465
856.0 0.405913233757 0.904065847397
857.0 0.406269222498 0.903813838959
858.0 0.407226979733 0.903561830521
859.0 0.407653152943 0.902301728725
860.0 0.406159877777 0.903981864452
861.0 0.413615226746 0.896085321903
862.0 0.40548273921 0.903645813465
863.0 0.405242413282 0.903897821903
864.0 0.404855787754 0.903981864452
865.0 0.40770316124 0.901965737343
866.0 0.402092814445 0.908434152603
867.0 0.40896037221 0.900957643986
868.0 0.4058367908 0.904569864273
869.0 0.402067750692 0.907510101795
870.0 0.406298279762 0.902973771095
871.0 0.405086517334 0.904065847397
872.0 0.402726829052 0.907678067684
873.0 0.405427366495 0.902973771095
874.0 0.406882733107 0.902385771275
875.0 0.40594419837 0.904401898384
876.0 0.398520469666 0.911122322083
877.0 0.399442255497 0.910282254219
878.0 0.394487977028 0.916666686535
879.0 0.401015996933 0.908098101616
880.0 0.401890099049 0.90826612711
881.0 0.399416208267 0.911038279533
882.0 0.403221875429 0.907678067684
883.0 0.407049268484 0.902889788151
884.0 0.401089578867 0.908518135548
885.0 0.399436384439 0.910450279713
886.0 0.402478247881 0.908014118671
887.0 0.401067346334 0.909526228905
888.0 0.403104603291 0.906166017056
889.0 0.402798146009 0.90759408474
890.0 0.397243946791 0.913978517056
891.0 0.396105825901 0.913978517056
892.0 0.404055058956 0.907510101795
893.0 0.397459089756 0.912970423698
894.0 0.403224527836 0.906754016876
895.0 0.40247169137 0.908938169479
896.0 0.398863077164 0.909862220287
897.0 0.400201529264 0.910114228725
898.0 0.404962152243 0.903813838959
899.0 0.405220538378 0.904065847397
900.0 0.397719234228 0.912886440754
901.0 0.399461656809 0.911962389946
902.0 0.400226801634 0.910870313644
903.0 0.402598142624 0.908014118671
904.0 0.403216093779 0.906838059425
905.0 0.398733377457 0.91204637289
906.0 0.404968053102 0.904653906822
907.0 0.403252631426 0.906081974506
908.0 0.408146739006 0.901209652424
909.0 0.413770288229 0.894993305206
910.0 0.413719922304 0.895833313465
911.0 0.411589413881 0.897009432316
912.0 0.411790579557 0.897513449192
913.0 0.409120976925 0.900117635727
914.0 0.411619782448 0.897009432316
915.0 0.410736620426 0.8984375
916.0 0.405730038881 0.903141796589
917.0 0.411671459675 0.898185491562
918.0 0.40855178237 0.902049720287
919.0 0.416308730841 0.891633093357
920.0 0.41305398941 0.895665347576
921.0 0.410683989525 0.897933483124
922.0 0.408580899239 0.900705635548
923.0 0.40870437026 0.901377677917
924.0 0.411062210798 0.89776545763
925.0 0.411070048809 0.896253347397
926.0 0.408743202686 0.901377677917
927.0 0.405661910772 0.902973771095
928.0 0.407593756914 0.901965737343
929.0 0.413159102201 0.895749330521
930.0 0.41203841567 0.896337389946
931.0 0.410455733538 0.898941516876
932.0 0.411531597376 0.898269474506
933.0 0.404216080904 0.904989898205
934.0 0.406383931637 0.902973771095
935.0 0.405687719584 0.903813838959
936.0 0.407076716423 0.902973771095
937.0 0.410777837038 0.898353517056
938.0 0.401915192604 0.906838059425
939.0 0.407282054424 0.901293694973
940.0 0.410443872213 0.899025559425
941.0 0.405320435762 0.904485881329
942.0 0.407992571592 0.901041686535
943.0 0.406067252159 0.904821932316
944.0 0.409486472607 0.899613559246
945.0 0.405140906572 0.903981864452
946.0 0.407843321562 0.903477847576
947.0 0.402454137802 0.907090067863
948.0 0.398956388235 0.910786271095
949.0 0.401751577854 0.909190177917
950.0 0.402448385954 0.908854186535
951.0 0.412561327219 0.89642137289
952.0 0.406836271286 0.903393805027
953.0 0.40952026844 0.899865567684
954.0 0.412590533495 0.896169364452
955.0 0.406976997852 0.902217745781
956.0 0.405518591404 0.903309822083
957.0 0.410162985325 0.898941516876
958.0 0.404627233744 0.905241906643
959.0 0.405062019825 0.904821932316
960.0 0.409087955952 0.901293694973
961.0 0.40443956852 0.905829966068
962.0 0.404214471579 0.905493974686
963.0 0.405773580074 0.902385771275
964.0 0.405385226011 0.904317855835
965.0 0.408659607172 0.901881694794
966.0 0.413421392441 0.895665347576
967.0 0.409204721451 0.900621652603
968.0 0.405526489019 0.90423387289
969.0 0.409248709679 0.898857533932
970.0 0.405900329351 0.903981864452
971.0 0.409677922726 0.899865567684
972.0 0.405860811472 0.904317855835
973.0 0.404716849327 0.903897821903
974.0 0.403116255999 0.90826612711
975.0 0.408533334732 0.901041686535
976.0 0.407877534628 0.901293694973
977.0 0.40346288681 0.907426059246
978.0 0.406432986259 0.903729856014
979.0 0.406735301018 0.902469754219
980.0 0.405430585146 0.904485881329
981.0 0.403027266264 0.906670033932
982.0 0.404682189226 0.904989898205
983.0 0.40941759944 0.900537610054
984.0 0.40706962347 0.902889788151
985.0 0.406801491976 0.903393805027
986.0 0.406977921724 0.903309822083
987.0 0.4099624753 0.899865567684
988.0 0.403625518084 0.904569864273
989.0 0.411373823881 0.896085321903
990.0 0.409575134516 0.898521482944
991.0 0.40858438611 0.901209652424
992.0 0.409433662891 0.899445593357
993.0 0.407506763935 0.902049720287
994.0 0.407755941153 0.901965737343
995.0 0.407493174076 0.901461720467
996.0 0.408087402582 0.901461720467
997.0 0.409615427256 0.900201618671
998.0 0.40633893013 0.904149889946
999.0 0.402986139059 0.907342076302
1000.0 0.408073216677 0.901461720467
1001.0 0.405408352613 0.90490591526
1002.0 0.405214399099 0.904065847397
1003.0 0.404361635447 0.904821932316
1004.0 0.405962944031 0.903645813465
1005.0 0.407205879688 0.901293694973
1006.0 0.402495503426 0.908014118671
1007.0 0.395226925611 0.91473454237
1008.0 0.399914622307 0.910282254219
1009.0 0.404820114374 0.905325949192
1010.0 0.404675811529 0.905073940754
1011.0 0.40640848875 0.902889788151
1012.0 0.405621409416 0.904821932316
1013.0 0.406509280205 0.902889788151
1014.0 0.402878642082 0.906585991383
1015.0 0.402657449245 0.906585991383
1016.0 0.402927935123 0.907174050808
1017.0 0.409434527159 0.898941516876
1018.0 0.405224859715 0.903897821903
1019.0 0.408406466246 0.90045362711
1020.0 0.400457561016 0.909022152424
1021.0 0.405140012503 0.905745983124
1022.0 0.403896093369 0.904065847397
1023.0 0.401896685362 0.908686161041
1024.0 0.40008726716 0.908518135548
1025.0 0.398708850145 0.91204637289
1026.0 0.400072991848 0.911290347576
1027.0 0.400288403034 0.909862220287
1028.0 0.400253981352 0.909022152424
1029.0 0.397511392832 0.91271841526
1030.0 0.398074150085 0.912550389767
1031.0 0.404561907053 0.905913949013
1032.0 0.401149570942 0.909106194973
1033.0 0.402882069349 0.907090067863
1034.0 0.402081221342 0.90759408474
1035.0 0.40253663063 0.907258093357
1036.0 0.401261985302 0.908686161041
1037.0 0.403903216124 0.905745983124
1038.0 0.404594540596 0.905409932137
1039.0 0.403966099024 0.90692204237
1040.0 0.401978939772 0.908350110054
1041.0 0.401865243912 0.90759408474
1042.0 0.401049345732 0.908770143986
1043.0 0.401576787233 0.908518135548
1044.0 0.399562984705 0.910870313644
1045.0 0.404564976692 0.905073940754
1046.0 0.400393038988 0.909694194794
1047.0 0.396819859743 0.913306474686
1048.0 0.39984112978 0.911290347576
1049.0 0.401164889336 0.909274220467
1050.0 0.400411188602 0.909610211849
1051.0 0.402891635895 0.907762110233
1052.0 0.400774687529 0.908854186535
1053.0 0.398862689734 0.911542356014
1054.0 0.403816521168 0.906081974506
1055.0 0.40334931016 0.907846093178
1056.0 0.404519766569 0.905829966068
1057.0 0.40298384428 0.907258093357
1058.0 0.405276626348 0.903645813465
1059.0 0.405116260052 0.904485881329
1060.0 0.401914983988 0.908686161041
1061.0 0.412549078465 0.897429406643
1062.0 0.404096871614 0.904485881329
1063.0 0.402226895094 0.908770143986
1064.0 0.402149021626 0.907174050808
1065.0 0.406703591347 0.904149889946
1066.0 0.399933189154 0.909862220287
1067.0 0.406573176384 0.903057813644
1068.0 0.404935330153 0.904989898205
1069.0 0.399847716093 0.909106194973
1070.0 0.405167579651 0.905157923698
1071.0 0.400863349438 0.909274220467
1072.0 0.398996710777 0.911122322083
1073.0 0.402159422636 0.907678067684
1074.0 0.404958426952 0.904653906822
1075.0 0.402590543032 0.907678067684
1076.0 0.39701089263 0.912382364273
1077.0 0.396597713232 0.91473454237
1078.0 0.395386308432 0.914986550808
1079.0 0.397757261992 0.912550389767
1080.0 0.398484706879 0.911710321903
1081.0 0.397349357605 0.913306474686
1082.0 0.399445682764 0.911542356014
1083.0 0.402502149343 0.907846093178
1084.0 0.400321215391 0.908518135548
1085.0 0.397901266813 0.912466406822
1086.0 0.399523079395 0.911206305027
1087.0 0.400210052729 0.909610211849
1088.0 0.400555759668 0.910030245781
1089.0 0.39970177412 0.910702288151
1090.0 0.397879451513 0.912802398205
