0.0 0.596205174923 0.683887779713
1.0 0.512463212013 0.790994644165
2.0 0.496281325817 0.808383762836
3.0 0.491513282061 0.814432144165
4.0 0.488406509161 0.818548381329
5.0 0.489619225264 0.815692186356
6.0 0.483113527298 0.822580635548
7.0 0.487340122461 0.817708313465
8.0 0.483764022589 0.821404576302
9.0 0.478042274714 0.828125
10.0 0.475198596716 0.831653237343
11.0 0.473691701889 0.831569194794
12.0 0.47802323103 0.825772821903
13.0 0.471377342939 0.83526545763
14.0 0.473255991936 0.833753347397
15.0 0.469593167305 0.836189508438
16.0 0.468900084496 0.837029576302
17.0 0.469436228275 0.838037610054
18.0 0.464436233044 0.841985881329
19.0 0.469244271517 0.836693525314
20.0 0.471999913454 0.83392137289
21.0 0.4622143507 0.842825949192
22.0 0.46215865016 0.842573940754
23.0 0.471170783043 0.833081305027
24.0 0.460661947727 0.846186161041
25.0 0.465481668711 0.838205635548
26.0 0.465886503458 0.837701618671
27.0 0.463264673948 0.842573940754
28.0 0.462438106537 0.843161940575
29.0 0.468382924795 0.836189508438
30.0 0.461435139179 0.844254016876
31.0 0.46282684803 0.842573940754
32.0 0.458690434694 0.846354186535
33.0 0.463119268417 0.840977847576
34.0 0.464690715075 0.841061830521
35.0 0.459397792816 0.844758093357
36.0 0.464581400156 0.837449610233
37.0 0.462007433176 0.844590067863
38.0 0.454978078604 0.850974440575
39.0 0.460484206676 0.845346093178
40.0 0.457320541143 0.848622322083
41.0 0.458068996668 0.846858203411
42.0 0.459371834993 0.846186161041
43.0 0.455277323723 0.848118305206
44.0 0.455700367689 0.849630355835
45.0 0.459133774042 0.84442204237
46.0 0.458108991385 0.846606194973
47.0 0.455608129501 0.847866237164
48.0 0.451708674431 0.851394474506
49.0 0.45302310586 0.852738559246
50.0 0.453303545713 0.852990567684
51.0 0.452168732882 0.854082643986
52.0 0.450552582741 0.854586720467
53.0 0.455387413502 0.848454296589
54.0 0.457936435938 0.846018135548
55.0 0.459799110889 0.846354186535
56.0 0.450371295214 0.853662610054
57.0 0.454076737165 0.850554406643
58.0 0.455364018679 0.849294364452
59.0 0.453088611364 0.853326618671
60.0 0.459392756224 0.84375
61.0 0.45269754529 0.852150559425
62.0 0.450219631195 0.855006694794
63.0 0.455072432756 0.849798381329
64.0 0.453878998756 0.850722432137
65.0 0.453016877174 0.853158593178
66.0 0.448377221823 0.857862889767
67.0 0.455615371466 0.850722432137
68.0 0.449750632048 0.855678737164
69.0 0.450960189104 0.854166686535
70.0 0.453957825899 0.850806474686
71.0 0.452722400427 0.851730525494
72.0 0.457192987204 0.848370313644
73.0 0.450497537851 0.852822601795
74.0 0.452380955219 0.853242635727
75.0 0.453994989395 0.850722432137
76.0 0.45048314333 0.856434822083
77.0 0.450350940228 0.854586720467
78.0 0.451786875725 0.852822601795
79.0 0.4503300488 0.854166686535
80.0 0.450620025396 0.854586720467
81.0 0.448821336031 0.856182813644
82.0 0.450552463531 0.855174720287
83.0 0.44878333807 0.85735887289
84.0 0.447663784027 0.857274889946
85.0 0.446249842644 0.859543025494
86.0 0.450850576162 0.854166686535
87.0 0.448957741261 0.854586720467
88.0 0.45442250371 0.849630355835
89.0 0.449963927269 0.854418694973
90.0 0.448856800795 0.856938838959
91.0 0.454322397709 0.852150559425
92.0 0.449494570494 0.854754686356
93.0 0.445253103971 0.859543025494
94.0 0.448961019516 0.856014788151
95.0 0.450301885605 0.85290658474
96.0 0.442747920752 0.864751338959
97.0 0.449187546968 0.855510771275
98.0 0.449949771166 0.85803091526
99.0 0.444722175598 0.860887110233
100.0 0.447936922312 0.857526898384
101.0 0.445003509521 0.861895143986
102.0 0.447507500648 0.860635101795
103.0 0.446415483952 0.86004704237
104.0 0.444665402174 0.861223101616
105.0 0.450716406107 0.852822601795
106.0 0.447127610445 0.858618974686
107.0 0.44927868247 0.856686830521
108.0 0.452562958002 0.85089045763
109.0 0.442759782076 0.863575279713
110.0 0.446614712477 0.858366906643
111.0 0.447669029236 0.856686830521
112.0 0.447143852711 0.855762779713
113.0 0.446796953678 0.857274889946
114.0 0.449553906918 0.858366906643
115.0 0.447908312082 0.857274889946
116.0 0.442498654127 0.862987220287
117.0 0.447568207979 0.858450949192
118.0 0.447656571865 0.857526898384
119.0 0.443255603313 0.864247322083
120.0 0.446979314089 0.857610881329
121.0 0.441720336676 0.864163279533
122.0 0.442736893892 0.862063169479
123.0 0.441228955984 0.862903237343
124.0 0.447553366423 0.859879016876
125.0 0.445019751787 0.859206974506
126.0 0.445876508951 0.858786940575
127.0 0.444082677364 0.862315177917
128.0 0.448514580727 0.855930805206
129.0 0.443177044392 0.861895143986
130.0 0.448413521051 0.856518805027
131.0 0.444416195154 0.86004704237
132.0 0.447903543711 0.855762779713
133.0 0.442216724157 0.864835321903
134.0 0.461921781301 0.843329966068
135.0 0.440900892019 0.862903237343
136.0 0.435172528028 0.873571932316
137.0 0.435798853636 0.869959652424
138.0 0.435118883848 0.871807813644
139.0 0.431152641773 0.876764118671
140.0 0.436403781176 0.868699610233
141.0 0.430483490229 0.875588059425
142.0 0.430157274008 0.876176059246
143.0 0.433148443699 0.875
144.0 0.430207848549 0.876680135727
145.0 0.431745111942 0.875
146.0 0.431522995234 0.873571932316
147.0 0.430262833834 0.875420033932
148.0 0.427290469408 0.880208313465
149.0 0.433587014675 0.870715737343
150.0 0.426537454128 0.879788279533
151.0 0.431041836739 0.876260101795
152.0 0.431817263365 0.875
153.0 0.430130898952 0.876008093357
154.0 0.429163694382 0.879200279713
155.0 0.42766430974 0.879116237164
156.0 0.427636831999 0.879872322083
157.0 0.428008675575 0.878024220467
158.0 0.42639324069 0.881384432316
159.0 0.424774855375 0.881384432316
160.0 0.4263266325 0.881300389767
161.0 0.421608924866 0.884912610054
162.0 0.424231499434 0.882476449013
163.0 0.425814926624 0.88146841526
164.0 0.422788023949 0.886424720287
165.0 0.428385078907 0.878360211849
166.0 0.424430340528 0.882392466068
167.0 0.42495572567 0.880964398384
168.0 0.428237378597 0.876428067684
169.0 0.425280243158 0.880964398384
170.0 0.423087984324 0.88482862711
171.0 0.426959633827 0.880292356014
172.0 0.423890918493 0.882476449013
173.0 0.424598515034 0.88214045763
174.0 0.422380596399 0.884996652603
175.0 0.424934059381 0.882476449013
176.0 0.423982232809 0.881552398205
177.0 0.423298746347 0.884072601795
178.0 0.425464391708 0.8828125
179.0 0.426457613707 0.881804406643
180.0 0.424615234137 0.881888449192
181.0 0.422895461321 0.884324610233
182.0 0.419924199581 0.887012779713
183.0 0.421470195055 0.887012779713
184.0 0.425720781088 0.880208313465
185.0 0.41725179553 0.890288949013
186.0 0.423091441393 0.883652567863
187.0 0.420902937651 0.885668694973
188.0 0.422389805317 0.886760771275
189.0 0.426224321127 0.880040347576
190.0 0.424633443356 0.883736550808
191.0 0.422989845276 0.884996652603
192.0 0.420443832874 0.885416686535
193.0 0.424043893814 0.88146841526
194.0 0.421695351601 0.887768805027
195.0 0.421045541763 0.885584652424
196.0 0.418379068375 0.889028906822
197.0 0.420737594366 0.886256694794
198.0 0.419439166784 0.889784932137
199.0 0.424349397421 0.883232533932
200.0 0.422562211752 0.885080635548
201.0 0.417118698359 0.888356864452
202.0 0.422362774611 0.885332643986
203.0 0.417179346085 0.88995295763
204.0 0.421649903059 0.884576618671
205.0 0.424010813236 0.883232533932
206.0 0.418067753315 0.889700949192
207.0 0.422785103321 0.885248661041
208.0 0.419384241104 0.889112889767
209.0 0.421709567308 0.884660601616
210.0 0.424802064896 0.882980525494
211.0 0.416346311569 0.892053067684
212.0 0.417317390442 0.891213059425
213.0 0.421223193407 0.886172711849
214.0 0.41659155488 0.891885101795
215.0 0.414769291878 0.892389118671
216.0 0.419900923967 0.887264788151
217.0 0.422586590052 0.881888449192
218.0 0.423521339893 0.881132364273
219.0 0.418726325035 0.887096762657
220.0 0.421216011047 0.885332643986
221.0 0.420604526997 0.886088728905
222.0 0.421155959368 0.885584652424
223.0 0.421180278063 0.886844754219
224.0 0.42011860013 0.888188838959
225.0 0.416809380054 0.890288949013
226.0 0.419723957777 0.887600779533
227.0 0.41960439086 0.887012779713
228.0 0.414349168539 0.893817186356
229.0 0.420701175928 0.886256694794
230.0 0.418707370758 0.887432813644
231.0 0.416350692511 0.89264112711
232.0 0.42294344306 0.883316516876
233.0 0.421326756477 0.885500669479
234.0 0.420461893082 0.885248661041
235.0 0.421811342239 0.88415658474
236.0 0.420625925064 0.884660601616
237.0 0.418900310993 0.890204966068
238.0 0.422570556402 0.884408593178
239.0 0.415400505066 0.892053067684
240.0 0.417871892452 0.890793025494
241.0 0.420086532831 0.887096762657
242.0 0.416819661856 0.891213059425
243.0 0.417422056198 0.889364898205
244.0 0.418451458216 0.887516796589
245.0 0.417114794254 0.891045033932
246.0 0.417785227299 0.889028906822
247.0 0.414871454239 0.894825279713
248.0 0.415802031755 0.892137110233
249.0 0.416003197432 0.891885101795
250.0 0.41402900219 0.892473101616
251.0 0.418448656797 0.889784932137
252.0 0.417191743851 0.891633093357
253.0 0.418209046125 0.890288949013
254.0 0.424473255873 0.881636440754
255.0 0.419749796391 0.886928737164
256.0 0.419053792953 0.886508762836
257.0 0.418881863356 0.888776898384
258.0 0.4155626297 0.892557144165
259.0 0.417800068855 0.890036940575
260.0 0.420441955328 0.886424720287
261.0 0.4121504426 0.895161271095
262.0 0.416797786951 0.890877008438
263.0 0.420406967402 0.887180805206
264.0 0.42296153307 0.884240567684
265.0 0.418132036924 0.888692855835
266.0 0.422721505165 0.884492635727
267.0 0.413926184177 0.891549050808
268.0 0.414745688438 0.894237220287
269.0 0.416814893484 0.890708982944
270.0 0.414037942886 0.891465067863
271.0 0.417979180813 0.888860881329
272.0 0.416899621487 0.891885101795
273.0 0.417544901371 0.888692855835
274.0 0.418480038643 0.890120983124
275.0 0.418937176466 0.888188838959
276.0 0.416921436787 0.890204966068
277.0 0.415881752968 0.892305135727
278.0 0.41952958703 0.88860887289
279.0 0.416840136051 0.889700949192
280.0 0.419485479593 0.887264788151
281.0 0.419535756111 0.887180805206
282.0 0.414915502071 0.892809152603
283.0 0.411875009537 0.895833313465
284.0 0.415990650654 0.891885101795
285.0 0.416901707649 0.890708982944
286.0 0.41696202755 0.889448940754
287.0 0.418699115515 0.88928091526
288.0 0.414552181959 0.893565177917
289.0 0.417807340622 0.890456974506
290.0 0.413425803185 0.895077288151
291.0 0.417069584131 0.88995295763
292.0 0.417518258095 0.888944864273
293.0 0.412824392319 0.895581305027
294.0 0.416401535273 0.890456974506
295.0 0.417960137129 0.889028906822
296.0 0.415583997965 0.892137110233
297.0 0.412952214479 0.895917356014
298.0 0.414905637503 0.891801059246
299.0 0.414283663034 0.892389118671
300.0 0.416936695576 0.889196932316
301.0 0.417869448662 0.889616906643
302.0 0.416996568441 0.891885101795
303.0 0.412799924612 0.895161271095
304.0 0.41443169117 0.891381025314
305.0 0.415338695049 0.890372991562
306.0 0.415230870247 0.892977178097
307.0 0.413310915232 0.892053067684
308.0 0.41377606988 0.892473101616
309.0 0.412343919277 0.895497322083
310.0 0.416988164186 0.890877008438
311.0 0.413056403399 0.894573271275
312.0 0.415611416101 0.891465067863
313.0 0.416306704283 0.889364898205
314.0 0.414778828621 0.893313169479
315.0 0.414029479027 0.893649220467
316.0 0.414770394564 0.892557144165
317.0 0.415083318949 0.890877008438
318.0 0.417311102152 0.891129016876
319.0 0.412845253944 0.894489228725
320.0 0.414567351341 0.891045033932
321.0 0.417636990547 0.890456974506
322.0 0.415154665709 0.892305135727
323.0 0.419923603535 0.886760771275
324.0 0.41595941782 0.892221093178
325.0 0.412317097187 0.895749330521
326.0 0.415681034327 0.891717076302
327.0 0.414504796267 0.893985211849
328.0 0.415079057217 0.892305135727
329.0 0.412616282701 0.895161271095
330.0 0.415315389633 0.891885101795
331.0 0.414959520102 0.892221093178
332.0 0.413331061602 0.893229186535
333.0 0.415138065815 0.893481194973
334.0 0.414708703756 0.894321262836
335.0 0.414744228125 0.893145143986
336.0 0.410972744226 0.895329296589
337.0 0.408229470253 0.901797711849
338.0 0.407122045755 0.900621652603
339.0 0.410082757473 0.8984375
340.0 0.410986512899 0.896757364273
341.0 0.410672903061 0.898941516876
342.0 0.407547414303 0.89910954237
343.0 0.401251316071 0.908854186535
344.0 0.406596511602 0.901545703411
345.0 0.407379150391 0.901293694973
346.0 0.405170738697 0.903897821903
347.0 0.408957004547 0.900117635727
348.0 0.41152587533 0.895329296589
349.0 0.407661736012 0.90045362711
350.0 0.406622290611 0.902133762836
351.0 0.405379027128 0.903897821903
352.0 0.406461626291 0.902469754219
353.0 0.407491713762 0.901881694794
354.0 0.410452574492 0.89910954237
355.0 0.409468770027 0.899865567684
356.0 0.405186116695 0.903225779533
357.0 0.406333386898 0.902049720287
358.0 0.407457619905 0.902805805206
359.0 0.408817201853 0.898857533932
360.0 0.404922783375 0.905157923698
361.0 0.406802684069 0.902049720287
362.0 0.405617594719 0.902553737164
363.0 0.403886556625 0.90625
364.0 0.405102670193 0.903309822083
365.0 0.404155433178 0.904737889767
366.0 0.407014012337 0.898185491562
367.0 0.408697277308 0.901797711849
368.0 0.404774218798 0.904149889946
369.0 0.404242485762 0.905829966068
370.0 0.406875967979 0.901293694973
371.0 0.406500905752 0.902721762657
372.0 0.405297607183 0.903897821903
373.0 0.406118988991 0.90423387289
374.0 0.405469805002 0.903057813644
375.0 0.405865460634 0.903561830521
376.0 0.406353890896 0.902637779713
377.0 0.404545038939 0.903645813465
378.0 0.404861599207 0.904653906822
379.0 0.404162406921 0.904317855835
380.0 0.405645519495 0.903813838959
381.0 0.408922880888 0.899445593357
382.0 0.406477928162 0.901377677917
383.0 0.403540492058 0.904485881329
384.0 0.401887208223 0.90826612711
385.0 0.405984282494 0.901377677917
386.0 0.402292430401 0.906585991383
387.0 0.406057775021 0.903393805027
388.0 0.404797613621 0.904317855835
389.0 0.403778165579 0.905157923698
390.0 0.407977193594 0.899277567863
391.0 0.406498521566 0.902049720287
392.0 0.404353648424 0.904737889767
393.0 0.407097369432 0.901713728905
394.0 0.403895676136 0.90490591526
395.0 0.404542177916 0.905325949192
396.0 0.403493702412 0.905241906643
397.0 0.406995087862 0.901293694973
398.0 0.400157749653 0.909778237343
399.0 0.404391497374 0.905241906643
400.0 0.40641489625 0.903477847576
401.0 0.406131953001 0.902973771095
402.0 0.399161398411 0.910114228725
403.0 0.405394077301 0.905157923698
404.0 0.402950257063 0.907342076302
405.0 0.403065055609 0.905745983124
406.0 0.407199561596 0.902385771275
407.0 0.405071347952 0.904569864273
408.0 0.402578443289 0.905829966068
409.0 0.404723167419 0.905073940754
410.0 0.406421154737 0.903981864452
411.0 0.405951350927 0.903981864452
412.0 0.404209166765 0.906670033932
413.0 0.402001261711 0.906418025494
414.0 0.40159457922 0.908350110054
415.0 0.402493387461 0.905661940575
416.0 0.402375221252 0.907090067863
417.0 0.401835858822 0.908098101616
418.0 0.405557274818 0.903477847576
419.0 0.407648712397 0.901293694973
420.0 0.404250890017 0.906166017056
421.0 0.402225375175 0.908014118671
422.0 0.405197769403 0.903981864452
423.0 0.405878961086 0.902805805206
424.0 0.405642807484 0.902973771095
425.0 0.404529690742 0.90423387289
426.0 0.404217720032 0.904989898205
427.0 0.400938928127 0.909358203411
428.0 0.407069981098 0.903393805027
429.0 0.40031182766 0.909190177917
430.0 0.404507577419 0.90557795763
431.0 0.40513381362 0.904317855835
432.0 0.400307387114 0.908098101616
433.0 0.401969611645 0.908854186535
434.0 0.406005531549 0.903141796589
435.0 0.405032336712 0.904485881329
436.0 0.401692271233 0.906670033932
437.0 0.402060955763 0.908182144165
438.0 0.40088275075 0.908602178097
439.0 0.402620285749 0.90625
440.0 0.403324484825 0.907258093357
441.0 0.400010824203 0.908602178097
442.0 0.4028621912 0.906670033932
443.0 0.401676058769 0.908098101616
444.0 0.399898737669 0.909694194794
445.0 0.398967623711 0.910618305206
446.0 0.401229202747 0.906754016876
447.0 0.40007930994 0.909610211849
448.0 0.400445103645 0.911290347576
449.0 0.397970795631 0.910702288151
450.0 0.400547474623 0.910366237164
451.0 0.402650743723 0.907342076302
452.0 0.39799207449 0.911710321903
453.0 0.402247399092 0.905325949192
454.0 0.399804919958 0.909694194794
455.0 0.406147122383 0.902637779713
456.0 0.404204905033 0.903729856014
457.0 0.401721060276 0.90759408474
458.0 0.401861041784 0.908182144165
459.0 0.401022523642 0.90826612711
460.0 0.402417182922 0.90692204237
461.0 0.400528818369 0.909022152424
462.0 0.401734501123 0.906754016876
463.0 0.395734757185 0.915658593178
464.0 0.400876909494 0.909022152424
465.0 0.40584346652 0.903645813465
466.0 0.403014451265 0.905493974686
467.0 0.40255522728 0.907510101795
468.0 0.401631891727 0.907762110233
469.0 0.396376818419 0.913474440575
470.0 0.398782491684 0.910618305206
471.0 0.398877620697 0.911458313465
472.0 0.399646401405 0.909190177917
473.0 0.40181183815 0.906166017056
474.0 0.395857095718 0.913978517056
475.0 0.399697035551 0.910366237164
476.0 0.401900231838 0.908602178097
477.0 0.398350089788 0.911710321903
478.0 0.399556159973 0.910702288151
479.0 0.401234865189 0.909442186356
480.0 0.402332663536 0.907678067684
481.0 0.399963498116 0.907846093178
482.0 0.403421878815 0.907090067863
483.0 0.400266587734 0.909358203411
484.0 0.396318167448 0.914566516876
485.0 0.397343754768 0.91204637289
486.0 0.398238509893 0.912382364273
487.0 0.402439773083 0.906838059425
488.0 0.399344116449 0.911374330521
489.0 0.399716854095 0.910282254219
490.0 0.39762711525 0.912886440754
491.0 0.39958819747 0.909778237343
492.0 0.397261679173 0.91204637289
493.0 0.401811420918 0.907510101795
494.0 0.396115541458 0.912634432316
495.0 0.396098643541 0.913642466068
496.0 0.401369690895 0.908350110054
497.0 0.396706938744 0.913810491562
498.0 0.397107124329 0.914650559425
499.0 0.396334648132 0.913642466068
500.0 0.396282196045 0.91204637289
501.0 0.397427678108 0.912970423698
502.0 0.401467561722 0.907678067684
503.0 0.398728400469 0.911542356014
504.0 0.397122442722 0.913978517056
505.0 0.397173970938 0.912550389767
506.0 0.394998729229 0.915742635727
507.0 0.397084355354 0.91271841526
508.0 0.395369172096 0.914650559425
509.0 0.395300507545 0.915070593357
510.0 0.393977254629 0.916834652424
511.0 0.395955294371 0.913894474506
512.0 0.398738622665 0.911374330521
513.0 0.393058329821 0.917170703411
514.0 0.399398446083 0.910282254219
515.0 0.398881286383 0.910702288151
516.0 0.396077215672 0.912886440754
517.0 0.393784850836 0.917086720467
518.0 0.39483460784 0.91540658474
519.0 0.401976466179 0.907258093357
520.0 0.396989643574 0.912466406822
521.0 0.39623939991 0.913642466068
522.0 0.398357540369 0.911962389946
523.0 0.400437951088 0.908434152603
524.0 0.397593766451 0.912298381329
525.0 0.401246547699 0.908854186535
526.0 0.396877586842 0.913138449192
527.0 0.393150746822 0.917086720467
528.0 0.397526741028 0.912802398205
529.0 0.396719008684 0.914314508438
530.0 0.395111113787 0.915154576302
531.0 0.396628797054 0.913810491562
532.0 0.397915959358 0.911878347397
533.0 0.397622466087 0.912382364273
534.0 0.397765040398 0.911206305027
535.0 0.393112182617 0.916666686535
536.0 0.392441421747 0.918514788151
537.0 0.391115278006 0.917842745781
538.0 0.388857573271 0.921118974686
539.0 0.391986012459 0.918094754219
540.0 0.391355216503 0.919186830521
541.0 0.39572635293 0.912886440754
542.0 0.388655632734 0.922210991383
543.0 0.383741557598 0.928091406822
544.0 0.387862175703 0.922883093357
545.0 0.392628222704 0.917338728905
546.0 0.390056312084 0.919438838959
547.0 0.391061723232 0.920614898205
548.0 0.395024865866 0.915238559246
549.0 0.390703767538 0.920446932316
550.0 0.38879609108 0.922210991383
551.0 0.389469146729 0.921286940575
552.0 0.389453977346 0.921454966068
553.0 0.389719069004 0.91985887289
554.0 0.394197970629 0.915994644165
555.0 0.391665130854 0.919102847576
556.0 0.387992233038 0.923303067684
557.0 0.388850927353 0.921875
558.0 0.389199852943 0.921454966068
559.0 0.389718413353 0.920026898384
560.0 0.38605299592 0.925067186356
561.0 0.390328079462 0.920782923698
562.0 0.388543128967 0.922295033932
563.0 0.388286471367 0.922715067863
564.0 0.386188268661 0.925571262836
565.0 0.384425252676 0.926495313644
566.0 0.387748628855 0.922799050808
567.0 0.389467328787 0.92120295763
568.0 0.387596219778 0.922967076302
569.0 0.38816550374 0.923555135727
570.0 0.388308733702 0.921706974506
571.0 0.386151015759 0.925235211849
572.0 0.386888235807 0.923639118671
573.0 0.388558298349 0.921706974506
574.0 0.387992501259 0.922631025314
575.0 0.387729942799 0.923723101616
576.0 0.387656867504 0.922967076302
577.0 0.385974913836 0.924731194973
578.0 0.386649250984 0.924815177917
579.0 0.3845513165 0.926495313644
580.0 0.38577246666 0.925655245781
581.0 0.385901063681 0.924563169479
582.0 0.385733217001 0.924731194973
583.0 0.38343590498 0.928511440754
584.0 0.382824569941 0.928847432137
585.0 0.38719239831 0.923387110233
586.0 0.385491192341 0.926159262657
587.0 0.387272894382 0.924899220467
588.0 0.386796861887 0.924815177917
589.0 0.383913129568 0.927839398384
590.0 0.387431114912 0.923303067684
591.0 0.388291031122 0.922715067863
592.0 0.382154375315 0.928679406643
593.0 0.386713713408 0.923807144165
594.0 0.385017544031 0.925739228725
595.0 0.384941935539 0.926411271095
596.0 0.385059326887 0.925739228725
597.0 0.38962250948 0.920362889767
598.0 0.384214758873 0.927251338959
599.0 0.385517686605 0.926495313644
600.0 0.387879103422 0.92389112711
601.0 0.386874377728 0.924227178097
602.0 0.380440443754 0.930611550808
603.0 0.388327866793 0.922295033932
604.0 0.384729683399 0.927083313465
605.0 0.381423205137 0.929519474506
606.0 0.387800067663 0.923555135727
607.0 0.386593848467 0.924227178097
608.0 0.381935417652 0.928931474686
609.0 0.383550137281 0.92767137289
610.0 0.386622816324 0.924899220467
611.0 0.386133372784 0.925655245781
612.0 0.383530318737 0.92834341526
613.0 0.380526304245 0.930443525314
614.0 0.378346264362 0.933299720287
615.0 0.37999907136 0.930863559246
616.0 0.380120754242 0.931367635727
617.0 0.380549609661 0.930611550808
618.0 0.383474975824 0.927419364452
619.0 0.386621564627 0.923723101616
620.0 0.38120675087 0.929771482944
621.0 0.381051599979 0.931367635727
622.0 0.379761248827 0.931787610054
623.0 0.38035941124 0.931787610054
624.0 0.382615298033 0.928175389767
625.0 0.383057922125 0.928259432316
626.0 0.380997359753 0.930191516876
627.0 0.394997477531 0.914986550808
628.0 0.400712549686 0.910114228725
629.0 0.395073771477 0.914818525314
630.0 0.398919224739 0.910618305206
631.0 0.398916512728 0.911290347576
632.0 0.394326359034 0.91607862711
633.0 0.397335141897 0.913306474686
634.0 0.401185959578 0.908686161041
635.0 0.398809403181 0.911038279533
636.0 0.396384090185 0.913054406643
