0.0 0.724659740925 0.49865591526
1.0 0.719976603985 0.521505355835
2.0 0.712984144688 0.507476449013
3.0 0.70107036829 0.533518135548
4.0 0.689578652382 0.559223771095
5.0 0.669844269753 0.598706305027
6.0 0.660158813 0.617775559425
7.0 0.656105518341 0.621555805206
8.0 0.632861554623 0.651041686535
9.0 0.572020292282 0.723874330521
10.0 0.531309068203 0.772513449192
11.0 0.520871818066 0.785702288151
12.0 0.514837801456 0.790238559246
13.0 0.497388362885 0.809223771095
14.0 0.50273245573 0.803427398205
15.0 0.491412132978 0.813760101795
16.0 0.492115020752 0.812835991383
17.0 0.486604869366 0.819976449013
18.0 0.480192571878 0.827032923698
19.0 0.485260099173 0.820396482944
20.0 0.484560757875 0.823672711849
21.0 0.477548032999 0.828965067863
22.0 0.481002807617 0.825856864452
23.0 0.481148660183 0.826024889946
24.0 0.475175142288 0.829553067684
25.0 0.477610051632 0.82946908474
26.0 0.47623410821 0.830729186535
27.0 0.473857194185 0.833249330521
28.0 0.466026633978 0.842573940754
29.0 0.475455075502 0.830561161041
30.0 0.468428909779 0.838205635548
31.0 0.474732428789 0.831653237343
32.0 0.474050700665 0.832745313644
33.0 0.471236437559 0.835853517056
34.0 0.474125355482 0.833417356014
35.0 0.469101190567 0.837449610233
36.0 0.47272413969 0.833501338959
37.0 0.468900114298 0.837785601616
38.0 0.462612569332 0.844338059425
39.0 0.468600332737 0.837785601616
40.0 0.466243416071 0.839885771275
41.0 0.46223154664 0.84509408474
42.0 0.462783515453 0.845850110054
43.0 0.459810197353 0.847950279713
44.0 0.461668759584 0.845010101795
45.0 0.464942246675 0.841985881329
46.0 0.464803099632 0.841985881329
47.0 0.464821696281 0.841481864452
48.0 0.45903724432 0.848286271095
49.0 0.459655761719 0.848622322083
50.0 0.458844989538 0.848454296589
51.0 0.458473831415 0.849462389946
52.0 0.458419948816 0.849294364452
53.0 0.464030563831 0.842237889767
54.0 0.461979746819 0.845598101616
55.0 0.467634171247 0.839297711849
56.0 0.458386659622 0.849042356014
57.0 0.464061528444 0.841565847397
58.0 0.465663582087 0.840221762657
59.0 0.457464843988 0.848118305206
60.0 0.462863922119 0.843413949013
61.0 0.454028636217 0.853158593178
62.0 0.457599312067 0.848958313465
63.0 0.460263639688 0.846522152424
64.0 0.455674827099 0.851898491383
65.0 0.462038964033 0.844758093357
66.0 0.457651227713 0.848706305027
67.0 0.459609210491 0.847026228905
68.0 0.455061227083 0.852066516876
69.0 0.456685125828 0.850806474686
70.0 0.458838790655 0.846522152424
71.0 0.459018677473 0.848034262657
72.0 0.46036452055 0.847278237343
73.0 0.453680515289 0.851226449013
74.0 0.458615869284 0.848790347576
75.0 0.458667874336 0.848454296589
76.0 0.456808328629 0.849966406822
77.0 0.454172492027 0.85290658474
78.0 0.454790174961 0.852150559425
79.0 0.452272117138 0.853914678097
80.0 0.453941881657 0.852738559246
81.0 0.456727594137 0.849798381329
82.0 0.456123143435 0.850974440575
83.0 0.453331530094 0.854838728905
84.0 0.453491419554 0.855006694794
85.0 0.451435446739 0.856686830521
86.0 0.458083987236 0.848370313644
87.0 0.455660104752 0.851814508438
88.0 0.456936091185 0.851310491562
89.0 0.45382463932 0.852654576302
90.0 0.447485238314 0.859458982944
91.0 0.45508980751 0.851226449013
92.0 0.453961193562 0.852066516876
93.0 0.451621770859 0.855006694794
94.0 0.451851993799 0.855762779713
95.0 0.451919049025 0.856854856014
96.0 0.452360123396 0.855258762836
97.0 0.451719462872 0.856014788151
98.0 0.452478587627 0.854586720467
99.0 0.449121206999 0.85803091526
100.0 0.449845999479 0.857190847397
101.0 0.451796978712 0.853914678097
102.0 0.452439010143 0.853746652603
103.0 0.447219222784 0.860887110233
104.0 0.448105216026 0.858954966068
105.0 0.452515661716 0.854334652424
106.0 0.451969832182 0.855426728725
107.0 0.450698077679 0.855342745781
108.0 0.454568177462 0.853410601616
109.0 0.444486856461 0.863323271275
110.0 0.450794190168 0.856014788151
111.0 0.453457117081 0.853074610233
112.0 0.453351229429 0.853326618671
113.0 0.451592773199 0.856602847576
114.0 0.454318434 0.851226449013
115.0 0.45217064023 0.854166686535
116.0 0.44562998414 0.861475110054
117.0 0.450372427702 0.857106864452
118.0 0.452369451523 0.854082643986
119.0 0.450026363134 0.858450949192
120.0 0.451489448547 0.855174720287
121.0 0.444543033838 0.862735211849
122.0 0.446075767279 0.861643135548
123.0 0.44334629178 0.864835321903
124.0 0.449768394232 0.85803091526
125.0 0.451175391674 0.853914678097
126.0 0.453538507223 0.851394474506
127.0 0.44628110528 0.859627008438
128.0 0.450359970331 0.85735887289
129.0 0.447548806667 0.859291017056
130.0 0.448210150003 0.859710991383
131.0 0.449714481831 0.856770813465
132.0 0.451030492783 0.856098771095
133.0 0.446940273046 0.861055135727
134.0 0.474236756563 0.833081305027
135.0 0.457216322422 0.847362220287
136.0 0.445957630873 0.862651228905
137.0 0.441567867994 0.866011440754
138.0 0.444866418839 0.862651228905
139.0 0.436764508486 0.870799720287
140.0 0.43975058198 0.867271482944
141.0 0.434219270945 0.874411940575
142.0 0.432982861996 0.875420033932
143.0 0.434607058764 0.874075949192
144.0 0.436759412289 0.871051728725
145.0 0.435286402702 0.872143805027
146.0 0.437149047852 0.871219754219
147.0 0.43480309844 0.873067855835
148.0 0.430818736553 0.877352178097
149.0 0.437265485525 0.870799720287
150.0 0.429779708385 0.879116237164
151.0 0.435127079487 0.872647821903
152.0 0.439450383186 0.869119644165
153.0 0.435604989529 0.872227847576
154.0 0.434505462646 0.872479856014
155.0 0.430970340967 0.877940177917
156.0 0.433456510305 0.874243974686
157.0 0.433433622122 0.873067855835
158.0 0.429435819387 0.879116237164
159.0 0.429965347052 0.878192186356
160.0 0.429395258427 0.878780245781
161.0 0.430248945951 0.877772152424
162.0 0.427244603634 0.879536271095
163.0 0.431653380394 0.875335991383
164.0 0.426828891039 0.881384432316
165.0 0.437901169062 0.868951618671
166.0 0.425452023745 0.883148491383
167.0 0.434122771025 0.873907923698
168.0 0.429199576378 0.879452288151
169.0 0.432172745466 0.875588059425
170.0 0.42905023694 0.879620313644
171.0 0.43515753746 0.872143805027
172.0 0.430528581142 0.876764118671
173.0 0.431657969952 0.877772152424
174.0 0.4272531569 0.880964398384
175.0 0.431026697159 0.877436161041
176.0 0.424949795008 0.884576618671
177.0 0.428389161825 0.879368305206
178.0 0.429403334856 0.878360211849
179.0 0.427239626646 0.880040347576
180.0 0.433323204517 0.872647821903
181.0 0.427937537432 0.879788279533
182.0 0.422065407038 0.887264788151
183.0 0.429615467787 0.878108203411
184.0 0.428892880678 0.879032254219
185.0 0.42613363266 0.882392466068
186.0 0.430652588606 0.877268135548
187.0 0.428220182657 0.88079637289
188.0 0.427328407764 0.881048381329
189.0 0.433470666409 0.875168025494
190.0 0.429181158543 0.879368305206
191.0 0.429813206196 0.879620313644
192.0 0.424047082663 0.88482862711
193.0 0.427575677633 0.880964398384
194.0 0.423585981131 0.88415658474
195.0 0.426068127155 0.881972432137
196.0 0.425208866596 0.882308483124
197.0 0.424897402525 0.884240567684
198.0 0.427255034447 0.88146841526
199.0 0.431422322989 0.877352178097
200.0 0.430575370789 0.878108203411
201.0 0.421981036663 0.887768805027
202.0 0.42706900835 0.881888449192
203.0 0.425556600094 0.8828125
204.0 0.425420939922 0.883316516876
205.0 0.427505522966 0.881048381329
206.0 0.422846525908 0.884492635727
207.0 0.425966024399 0.881720423698
208.0 0.425714254379 0.883904576302
209.0 0.427072703838 0.88079637289
210.0 0.426183521748 0.883232533932
211.0 0.421773344278 0.886424720287
212.0 0.423865318298 0.88415658474
213.0 0.427167207003 0.881636440754
214.0 0.424256891012 0.884408593178
215.0 0.424356609583 0.884408593178
216.0 0.426059544086 0.882056474686
217.0 0.426260560751 0.882728517056
218.0 0.428242951632 0.879620313644
219.0 0.422177314758 0.887432813644
220.0 0.428684383631 0.879200279713
221.0 0.42923399806 0.878612220287
222.0 0.426280975342 0.879788279533
223.0 0.42670583725 0.882392466068
224.0 0.427655547857 0.880964398384
225.0 0.424208432436 0.883652567863
226.0 0.42595538497 0.883148491383
227.0 0.424140095711 0.88482862711
228.0 0.421361088753 0.887768805027
229.0 0.425915926695 0.883232533932
230.0 0.424916267395 0.88348454237
231.0 0.425008535385 0.882980525494
232.0 0.427817612886 0.880124330521
233.0 0.425206750631 0.883232533932
234.0 0.4248495996 0.882644474506
235.0 0.423890888691 0.883568525314
236.0 0.424436479807 0.88348454237
237.0 0.424405485392 0.883148491383
238.0 0.424736648798 0.884408593178
239.0 0.419559389353 0.88928091526
240.0 0.424207985401 0.884996652603
241.0 0.423624068499 0.884492635727
242.0 0.423943191767 0.88348454237
243.0 0.42487642169 0.882896482944
244.0 0.421381503344 0.885248661041
245.0 0.42115303874 0.887600779533
246.0 0.424700289965 0.883232533932
247.0 0.422758162022 0.886256694794
248.0 0.421665728092 0.886592745781
249.0 0.422547399998 0.887012779713
250.0 0.420554101467 0.886172711849
251.0 0.424743801355 0.885080635548
252.0 0.420341491699 0.887684822083
253.0 0.421877294779 0.886004686356
254.0 0.424442946911 0.883316516876
255.0 0.424755930901 0.882728517056
256.0 0.422379434109 0.886508762836
257.0 0.423529475927 0.885752677917
258.0 0.419312417507 0.889700949192
259.0 0.422785311937 0.884912610054
260.0 0.424877256155 0.8828125
261.0 0.419480651617 0.888944864273
262.0 0.421001344919 0.886844754219
263.0 0.422847509384 0.886004686356
264.0 0.423690676689 0.884324610233
265.0 0.419874221087 0.888104856014
266.0 0.428304433823 0.88079637289
267.0 0.416527032852 0.892305135727
268.0 0.420577466488 0.888944864273
269.0 0.420869767666 0.886928737164
270.0 0.417895942926 0.89129704237
271.0 0.427326858044 0.880964398384
272.0 0.418959915638 0.889028906822
273.0 0.420315206051 0.888860881329
274.0 0.420860946178 0.888524889946
275.0 0.41976198554 0.888524889946
276.0 0.418854445219 0.889196932316
277.0 0.421550840139 0.886760771275
278.0 0.421439796686 0.887264788151
279.0 0.42412352562 0.884324610233
280.0 0.42288556695 0.885836720467
281.0 0.423189252615 0.884492635727
282.0 0.41906774044 0.888944864273
283.0 0.419177591801 0.889448940754
284.0 0.418120235205 0.890877008438
285.0 0.41816547513 0.891129016876
286.0 0.419154435396 0.889532923698
287.0 0.42302647233 0.884576618671
288.0 0.419846355915 0.887936830521
289.0 0.422051161528 0.886592745781
290.0 0.419031172991 0.888776898384
291.0 0.424762159586 0.881804406643
292.0 0.419705212116 0.890288949013
293.0 0.415560334921 0.894069194794
294.0 0.421145647764 0.887516796589
295.0 0.42085263133 0.887096762657
296.0 0.417657494545 0.891885101795
297.0 0.415750741959 0.893481194973
298.0 0.419159144163 0.890625
299.0 0.419928014278 0.887432813644
300.0 0.41796657443 0.889448940754
301.0 0.421137273312 0.887348771095
302.0 0.41916757822 0.889112889767
303.0 0.420209407806 0.887936830521
304.0 0.417331188917 0.889784932137
305.0 0.418357640505 0.889700949192
306.0 0.417326897383 0.890708982944
307.0 0.417066544294 0.890708982944
308.0 0.419405817986 0.888440847397
309.0 0.416485667229 0.89264112711
310.0 0.420966267586 0.886592745781
311.0 0.42072930932 0.886424720287
312.0 0.416829377413 0.892809152603
313.0 0.419670075178 0.888776898384
314.0 0.418148815632 0.891213059425
315.0 0.42004147172 0.888020813465
316.0 0.415757834911 0.893733203411
317.0 0.418378591537 0.890708982944
318.0 0.422884821892 0.885164678097
319.0 0.419080376625 0.889784932137
320.0 0.417346447706 0.891465067863
321.0 0.422345042229 0.885752677917
322.0 0.420496284962 0.887012779713
323.0 0.420403629541 0.887684822083
324.0 0.417222946882 0.891633093357
325.0 0.416578352451 0.892893135548
326.0 0.419631510973 0.888944864273
327.0 0.416884422302 0.892305135727
328.0 0.416932314634 0.891801059246
329.0 0.412738442421 0.896841406822
330.0 0.421631276608 0.886508762836
331.0 0.421545863152 0.886424720287
332.0 0.419520556927 0.888944864273
333.0 0.416033029556 0.893061161041
334.0 0.417555868626 0.891045033932
335.0 0.42054489255 0.889868974686
336.0 0.421003103256 0.886424720287
337.0 0.416389375925 0.890960991383
338.0 0.41422405839 0.895581305027
339.0 0.41926497221 0.88928091526
340.0 0.417927324772 0.88995295763
341.0 0.417217701674 0.892893135548
342.0 0.414550930262 0.894153237343
343.0 0.409587949514 0.901041686535
344.0 0.409344404936 0.89978158474
345.0 0.416154235601 0.893565177917
346.0 0.412838667631 0.896589398384
347.0 0.418592393398 0.890708982944
348.0 0.417279571295 0.89129704237
349.0 0.41346770525 0.896169364452
350.0 0.410452276468 0.899445593357
351.0 0.414205402136 0.894573271275
352.0 0.413279503584 0.896337389946
353.0 0.416681796312 0.893397152424
354.0 0.417401343584 0.892557144165
355.0 0.418311536312 0.890625
356.0 0.412302702665 0.895833313465
357.0 0.418717503548 0.889532923698
358.0 0.416052818298 0.892221093178
359.0 0.415322571993 0.893901228905
360.0 0.411637663841 0.895581305027
361.0 0.413273543119 0.895161271095
362.0 0.410966068506 0.898605525494
363.0 0.412196815014 0.896673381329
364.0 0.410343825817 0.899277567863
365.0 0.411321789026 0.897261440754
366.0 0.415408998728 0.893733203411
367.0 0.417647331953 0.891045033932
368.0 0.410442709923 0.899361550808
369.0 0.413751661777 0.893145143986
370.0 0.41354238987 0.894741237164
371.0 0.413800150156 0.894993305206
372.0 0.413038760424 0.895917356014
373.0 0.413662165403 0.895497322083
374.0 0.415913403034 0.893145143986
375.0 0.413707613945 0.894069194794
376.0 0.412898480892 0.89642137289
377.0 0.41148352623 0.898353517056
378.0 0.413356035948 0.895497322083
379.0 0.412897080183 0.89642137289
380.0 0.412065029144 0.897933483124
381.0 0.413675367832 0.894405245781
382.0 0.415804952383 0.892221093178
383.0 0.412607014179 0.896085321903
384.0 0.409781187773 0.899865567684
385.0 0.413242846727 0.896925389767
386.0 0.412077307701 0.896757364273
387.0 0.414453774691 0.895245313644
388.0 0.412880390882 0.897429406643
389.0 0.412655562162 0.896757364273
390.0 0.413715362549 0.896253347397
391.0 0.41700515151 0.892725110054
392.0 0.414700299501 0.894489228725
393.0 0.416259437799 0.892473101616
394.0 0.40991678834 0.899529576302
395.0 0.412635684013 0.895413279533
396.0 0.409167140722 0.899949610233
397.0 0.414834171534 0.893397152424
398.0 0.411511451006 0.897345423698
399.0 0.411043912172 0.897513449192
400.0 0.414384126663 0.892725110054
401.0 0.416958063841 0.892809152603
402.0 0.410324454308 0.899529576302
403.0 0.412983894348 0.896505355835
404.0 0.410269677639 0.898605525494
405.0 0.411040812731 0.897597432137
406.0 0.415538698435 0.894321262836
407.0 0.415427535772 0.894153237343
408.0 0.41208845377 0.89709341526
409.0 0.411769241095 0.896841406822
410.0 0.414284408092 0.894069194794
411.0 0.41182371974 0.897933483124
412.0 0.40925553441 0.900033593178
413.0 0.410441339016 0.897261440754
414.0 0.409044891596 0.901461720467
415.0 0.410396695137 0.899193525314
416.0 0.40993347764 0.900369644165
417.0 0.41328984499 0.89642137289
418.0 0.412686824799 0.896673381329
419.0 0.414517641068 0.893817186356
420.0 0.41130849719 0.89776545763
421.0 0.410855978727 0.896757364273
422.0 0.416230738163 0.890960991383
423.0 0.412180632353 0.896925389767
424.0 0.411235481501 0.898185491562
425.0 0.414572328329 0.893817186356
426.0 0.411294549704 0.896673381329
427.0 0.410120040178 0.898773491383
428.0 0.417858421803 0.891129016876
429.0 0.409069150686 0.900033593178
430.0 0.412893533707 0.897009432316
431.0 0.413767874241 0.895497322083
432.0 0.407250672579 0.902301728725
433.0 0.410456001759 0.899445593357
434.0 0.416453152895 0.891465067863
435.0 0.412747204304 0.895413279533
436.0 0.411429136992 0.896505355835
437.0 0.412193745375 0.89642137289
438.0 0.412938326597 0.896673381329
439.0 0.41184476018 0.896589398384
440.0 0.414063841105 0.894741237164
441.0 0.410158455372 0.898605525494
442.0 0.412495404482 0.896925389767
443.0 0.412111759186 0.896589398384
444.0 0.411458462477 0.898353517056
445.0 0.409407794476 0.900201618671
446.0 0.407397061586 0.903225779533
447.0 0.409649014473 0.900285601616
448.0 0.409901350737 0.8984375
449.0 0.411479383707 0.897681474686
450.0 0.411510974169 0.897681474686
451.0 0.411436140537 0.898269474506
452.0 0.406797319651 0.903477847576
453.0 0.409686416388 0.89910954237
454.0 0.409739106894 0.899949610233
455.0 0.414262026548 0.894489228725
456.0 0.414548933506 0.893565177917
457.0 0.411076545715 0.898269474506
458.0 0.411599844694 0.898017466068
459.0 0.411197632551 0.898017466068
460.0 0.410256743431 0.899697601795
461.0 0.411450207233 0.898101449013
462.0 0.412246376276 0.897009432316
463.0 0.404881954193 0.903561830521
464.0 0.411802470684 0.897429406643
465.0 0.413917899132 0.894741237164
466.0 0.41118952632 0.898521482944
467.0 0.414203733206 0.892977178097
468.0 0.413773357868 0.894405245781
469.0 0.407917648554 0.901797711849
470.0 0.409227877855 0.900873661041
471.0 0.408282339573 0.901041686535
472.0 0.411277085543 0.898269474506
473.0 0.413818061352 0.895749330521
474.0 0.407279670238 0.902637779713
475.0 0.411916822195 0.897429406643
476.0 0.411929249763 0.897513449192
477.0 0.407782018185 0.901041686535
478.0 0.412535637617 0.89709341526
479.0 0.41214761138 0.898185491562
480.0 0.412368357182 0.89642137289
481.0 0.414195597172 0.895161271095
482.0 0.411255121231 0.8984375
483.0 0.4116499722 0.896001338959
484.0 0.40780544281 0.902217745781
485.0 0.408085018396 0.901461720467
486.0 0.409155607224 0.900789678097
487.0 0.414868891239 0.894069194794
488.0 0.410807490349 0.897429406643
489.0 0.408975422382 0.900957643986
490.0 0.413925170898 0.896085321903
491.0 0.411798208952 0.897597432137
492.0 0.411276012659 0.898185491562
493.0 0.413252681494 0.897345423698
494.0 0.407270282507 0.903309822083
495.0 0.408043801785 0.899949610233
496.0 0.411448001862 0.897597432137
497.0 0.411530733109 0.898353517056
498.0 0.411622405052 0.89776545763
499.0 0.411029070616 0.897849440575
500.0 0.409301847219 0.899697601795
501.0 0.410448163748 0.89910954237
502.0 0.411133766174 0.898269474506
503.0 0.412457734346 0.89642137289
504.0 0.408530086279 0.900285601616
505.0 0.412078171968 0.89642137289
506.0 0.406442552805 0.903309822083
507.0 0.410568267107 0.898689508438
508.0 0.408585220575 0.900621652603
509.0 0.40844681859 0.900705635548
510.0 0.409410566092 0.899277567863
511.0 0.40800127387 0.903225779533
512.0 0.410311222076 0.89978158474
513.0 0.407388448715 0.901209652424
514.0 0.408482283354 0.901125669479
515.0 0.410861968994 0.898185491562
516.0 0.408574968576 0.900117635727
517.0 0.405153900385 0.904485881329
518.0 0.41133543849 0.898941516876
519.0 0.413001984358 0.89642137289
520.0 0.409312754869 0.899865567684
521.0 0.410808205605 0.897681474686
522.0 0.410953104496 0.898605525494
523.0 0.412360697985 0.896841406822
524.0 0.412603646517 0.895497322083
525.0 0.413925737143 0.895665347576
526.0 0.409278690815 0.89978158474
527.0 0.408562719822 0.900285601616
528.0 0.408663153648 0.900285601616
529.0 0.410289794207 0.900117635727
530.0 0.406883001328 0.902217745781
531.0 0.407730966806 0.902805805206
532.0 0.41159003973 0.897009432316
533.0 0.410630911589 0.89910954237
534.0 0.408932596445 0.901293694973
535.0 0.404855877161 0.904737889767
536.0 0.410561442375 0.897009432316
537.0 0.407143175602 0.902889788151
538.0 0.409458577633 0.898521482944
539.0 0.40894511342 0.900285601616
540.0 0.408876240253 0.900705635548
541.0 0.41247177124 0.896673381329
542.0 0.406443536282 0.904653906822
543.0 0.4024502635 0.906333982944
544.0 0.40351614356 0.907174050808
545.0 0.40731549263 0.903309822083
546.0 0.40687006712 0.903057813644
547.0 0.410963118076 0.89776545763
548.0 0.410407662392 0.897345423698
549.0 0.406226426363 0.901713728905
550.0 0.405767261982 0.905073940754
551.0 0.404632925987 0.905325949192
552.0 0.405258864164 0.905325949192
553.0 0.406112760305 0.902973771095
554.0 0.410459458828 0.898689508438
555.0 0.411450207233 0.897849440575
556.0 0.403238147497 0.90692204237
557.0 0.410144716501 0.899277567863
558.0 0.406969487667 0.903981864452
559.0 0.406795829535 0.902553737164
560.0 0.403840214014 0.905829966068
561.0 0.405858278275 0.903981864452
562.0 0.405389547348 0.90423387289
563.0 0.408640533686 0.900705635548
564.0 0.403245329857 0.906670033932
565.0 0.404525727034 0.905913949013
566.0 0.406080514193 0.903057813644
567.0 0.409941881895 0.900033593178
568.0 0.407374173403 0.901545703411
569.0 0.405549734831 0.904737889767
570.0 0.407158851624 0.902637779713
571.0 0.406360298395 0.903645813465
572.0 0.405401945114 0.904737889767
573.0 0.406682789326 0.903897821903
574.0 0.407563865185 0.903141796589
575.0 0.405792444944 0.903981864452
576.0 0.406750231981 0.903813838959
577.0 0.406728714705 0.901881694794
578.0 0.405675947666 0.903309822083
579.0 0.405955195427 0.903729856014
580.0 0.40593534708 0.902301728725
581.0 0.407668620348 0.901713728905
582.0 0.4065528512 0.901713728905
583.0 0.404772937298 0.905157923698
584.0 0.403183400631 0.906585991383
585.0 0.40647700429 0.903981864452
586.0 0.403631448746 0.907510101795
587.0 0.406811743975 0.903225779533
588.0 0.405110061169 0.905745983124
589.0 0.40561786294 0.904821932316
590.0 0.407922178507 0.901293694973
591.0 0.409853041172 0.899277567863
592.0 0.405457615852 0.903729856014
593.0 0.405533581972 0.903645813465
594.0 0.403620034456 0.907342076302
595.0 0.407450556755 0.901881694794
596.0 0.403985738754 0.905157923698
597.0 0.408768862486 0.900033593178
598.0 0.403940677643 0.90557795763
599.0 0.403155952692 0.907258093357
600.0 0.403937399387 0.905157923698
601.0 0.408224672079 0.901629686356
602.0 0.399481326342 0.911038279533
603.0 0.405838102102 0.903981864452
604.0 0.401752352715 0.908686161041
605.0 0.404903620481 0.905241906643
606.0 0.406229257584 0.903141796589
607.0 0.405850082636 0.903309822083
608.0 0.404813945293 0.904317855835
609.0 0.406380206347 0.902889788151
610.0 0.407203823328 0.902385771275
611.0 0.40886208415 0.899529576302
612.0 0.403238594532 0.906838059425
613.0 0.402349203825 0.90625
614.0 0.402756154537 0.907426059246
615.0 0.405790477991 0.904569864273
616.0 0.403848230839 0.905913949013
617.0 0.405770629644 0.903981864452
618.0 0.406394600868 0.903225779533
619.0 0.408191680908 0.901797711849
620.0 0.404223412275 0.906166017056
621.0 0.403616994619 0.90692204237
622.0 0.406193464994 0.90423387289
623.0 0.406650900841 0.901965737343
624.0 0.407222390175 0.902805805206
625.0 0.407916814089 0.901461720467
626.0 0.404678881168 0.905745983124
627.0 0.403891175985 0.905661940575
628.0 0.410846680403 0.898941516876
629.0 0.401505202055 0.908434152603
630.0 0.406720280647 0.903057813644
631.0 0.406651288271 0.902553737164
632.0 0.402609050274 0.907678067684
633.0 0.404339283705 0.904401898384
634.0 0.406420707703 0.903645813465
635.0 0.405737876892 0.903561830521
636.0 0.405121803284 0.903561830521
637.0 0.406587421894 0.902553737164
638.0 0.405778050423 0.905493974686
639.0 0.401978373528 0.908770143986
640.0 0.406407922506 0.902973771095
641.0 0.403918355703 0.904737889767
642.0 0.404721140862 0.903645813465
643.0 0.402738660574 0.908098101616
644.0 0.402688622475 0.905661940575
645.0 0.402898102999 0.906670033932
646.0 0.401615560055 0.909190177917
647.0 0.403632134199 0.905829966068
648.0 0.406475752592 0.903477847576
649.0 0.401522308588 0.909694194794
650.0 0.403150618076 0.906333982944
651.0 0.405556172132 0.905241906643
652.0 0.401266932487 0.908770143986
653.0 0.404235601425 0.903981864452
654.0 0.403484046459 0.906670033932
655.0 0.40852200985 0.901041686535
656.0 0.40463462472 0.905241906643
657.0 0.404457390308 0.904989898205
658.0 0.404126733541 0.903813838959
659.0 0.402466893196 0.907426059246
660.0 0.405557870865 0.904485881329
661.0 0.402853399515 0.907090067863
662.0 0.403570532799 0.90692204237
663.0 0.399525552988 0.909442186356
664.0 0.403317064047 0.906333982944
665.0 0.406372100115 0.904737889767
666.0 0.403520226479 0.904821932316
667.0 0.407595694065 0.901965737343
668.0 0.405546367168 0.902973771095
669.0 0.401098996401 0.910114228725
670.0 0.402222037315 0.90826612711
671.0 0.400460898876 0.910702288151
672.0 0.404049009085 0.906670033932
673.0 0.405147343874 0.904065847397
674.0 0.399391800165 0.911122322083
675.0 0.403588533401 0.906081974506
676.0 0.403801470995 0.907258093357
677.0 0.40010535717 0.909778237343
678.0 0.403303563595 0.907930135727
679.0 0.405801713467 0.904569864273
680.0 0.404514223337 0.90625
681.0 0.4054441154 0.904317855835
682.0 0.405237346888 0.905241906643
683.0 0.403408586979 0.906418025494
684.0 0.400456637144 0.910030245781
685.0 0.400652170181 0.910030245781
686.0 0.401144176722 0.907510101795
687.0 0.407031774521 0.902553737164
688.0 0.402796179056 0.907426059246
689.0 0.402112901211 0.908014118671
690.0 0.40689983964 0.902553737164
691.0 0.402744621038 0.907006025314
692.0 0.401801407337 0.907930135727
693.0 0.405830085278 0.905241906643
694.0 0.400462239981 0.908854186535
695.0 0.399873048067 0.909862220287
696.0 0.402239769697 0.907762110233
697.0 0.402478426695 0.907342076302
698.0 0.403313457966 0.908014118671
699.0 0.402304857969 0.906838059425
700.0 0.401668190956 0.907510101795
701.0 0.402817845345 0.907090067863
702.0 0.402809470892 0.907342076302
703.0 0.40441313386 0.905409932137
704.0 0.401878446341 0.909274220467
705.0 0.40253174305 0.906838059425
706.0 0.400780946016 0.909694194794
707.0 0.402572751045 0.907846093178
708.0 0.401972562075 0.90759408474
709.0 0.40036585927 0.909862220287
710.0 0.400697439909 0.909358203411
711.0 0.403493851423 0.907006025314
712.0 0.40221619606 0.908518135548
713.0 0.399239599705 0.911122322083
714.0 0.403464764357 0.905745983124
715.0 0.403020143509 0.907258093357
716.0 0.400855153799 0.909022152424
717.0 0.397997736931 0.912382364273
718.0 0.403814077377 0.906418025494
719.0 0.4050796628 0.905493974686
720.0 0.401347219944 0.909022152424
721.0 0.403775990009 0.905661940575
722.0 0.403537303209 0.906585991383
723.0 0.406907200813 0.902805805206
724.0 0.402716308832 0.906838059425
725.0 0.407048821449 0.902553737164
726.0 0.401179850101 0.909358203411
727.0 0.401149123907 0.908350110054
728.0 0.402125746012 0.907090067863
729.0 0.403382301331 0.906418025494
730.0 0.400461822748 0.908938169479
731.0 0.399801194668 0.910534262657
732.0 0.40327423811 0.906585991383
733.0 0.403087288141 0.90759408474
734.0 0.401859372854 0.908518135548
735.0 0.398288309574 0.912130355835
736.0 0.402464538813 0.90625
737.0 0.400211334229 0.909946262836
738.0 0.399430096149 0.910786271095
739.0 0.402446866035 0.908518135548
740.0 0.40280008316 0.906838059425
741.0 0.404764324427 0.90490591526
742.0 0.402330815792 0.907510101795
743.0 0.395347267389 0.915658593178
744.0 0.396132409573 0.914230525494
745.0 0.400210976601 0.911038279533
746.0 0.398693978786 0.91204637289
747.0 0.402065038681 0.908518135548
748.0 0.400160878897 0.909946262836
749.0 0.398785799742 0.910450279713
750.0 0.397648543119 0.913054406643
751.0 0.398011684418 0.912886440754
752.0 0.398254483938 0.911710321903
753.0 0.400412529707 0.909358203411
754.0 0.404928147793 0.90557795763
755.0 0.402403503656 0.908014118671
756.0 0.397884041071 0.912130355835
757.0 0.401601046324 0.908602178097
758.0 0.400276809931 0.908518135548
759.0 0.399501591921 0.910870313644
760.0 0.39622297883 0.913558483124
761.0 0.398065328598 0.912802398205
762.0 0.397541552782 0.912802398205
763.0 0.399771004915 0.910198271275
764.0 0.396335422993 0.914650559425
765.0 0.395437508821 0.915742635727
766.0 0.399376928806 0.910702288151
767.0 0.403724133968 0.90557795763
768.0 0.397418797016 0.912886440754
769.0 0.39856916666 0.911206305027
770.0 0.398984611034 0.911626338959
771.0 0.399338543415 0.912298381329
772.0 0.399872243404 0.909946262836
773.0 0.398223757744 0.911374330521
774.0 0.400193423033 0.909694194794
775.0 0.399909555912 0.911290347576
776.0 0.397927850485 0.912466406822
777.0 0.39825206995 0.911878347397
778.0 0.399115860462 0.910534262657
779.0 0.399148017168 0.911122322083
780.0 0.397576212883 0.913558483124
781.0 0.397396177053 0.913138449192
782.0 0.399902254343 0.909694194794
783.0 0.397736996412 0.912298381329
784.0 0.393658787012 0.918010771275
785.0 0.397301733494 0.911962389946
786.0 0.396164298058 0.914986550808
787.0 0.400381654501 0.909358203411
788.0 0.398904114962 0.910954296589
789.0 0.398597151041 0.912130355835
790.0 0.398678660393 0.912634432316
791.0 0.399951428175 0.910702288151
792.0 0.39889767766 0.910198271275
793.0 0.397467911243 0.912970423698
794.0 0.397819340229 0.912382364273
795.0 0.397311747074 0.912550389767
796.0 0.39565050602 0.91473454237
797.0 0.400537133217 0.910366237164
798.0 0.396034777164 0.915070593357
799.0 0.395806789398 0.915490567684
800.0 0.399028480053 0.910954296589
801.0 0.400439679623 0.910114228725
802.0 0.392060607672 0.918346762657
803.0 0.398793041706 0.911122322083
804.0 0.396388113499 0.915742635727
805.0 0.395790994167 0.914482533932
806.0 0.398238778114 0.913138449192
807.0 0.397077322006 0.913222432137
808.0 0.395978868008 0.914146482944
809.0 0.39504134655 0.916246652603
810.0 0.398328632116 0.913222432137
811.0 0.400225818157 0.909778237343
812.0 0.395251452923 0.916162610054
813.0 0.392760455608 0.918682813644
814.0 0.393908768892 0.916666686535
815.0 0.395339518785 0.915574610233
816.0 0.395676195621 0.915070593357
817.0 0.399093061686 0.911038279533
818.0 0.396789580584 0.9140625
819.0 0.398986190557 0.911794364452
820.0 0.395213723183 0.916246652603
821.0 0.395407140255 0.915658593178
822.0 0.399432837963 0.910702288151
823.0 0.397533178329 0.913222432137
824.0 0.397289186716 0.913978517056
825.0 0.399122148752 0.910702288151
826.0 0.396476536989 0.914146482944
827.0 0.395038425922 0.915826618671
828.0 0.40109321475 0.909442186356
829.0 0.393144249916 0.917170703411
830.0 0.398328274488 0.912214398384
831.0 0.399118334055 0.911458313465
832.0 0.39358150959 0.917590737343
833.0 0.396263897419 0.914230525494
834.0 0.399013161659 0.912298381329
835.0 0.396867901087 0.912886440754
836.0 0.394717276096 0.915994644165
837.0 0.402888476849 0.908014118671
838.0 0.403335362673 0.907510101795
839.0 0.40107768774 0.908434152603
840.0 0.402712911367 0.908518135548
841.0 0.399691551924 0.911290347576
842.0 0.402031064034 0.908098101616
843.0 0.400600135326 0.909946262836
844.0 0.399993270636 0.910702288151
845.0 0.399738013744 0.910282254219
846.0 0.399843364954 0.910618305206
847.0 0.40036585927 0.910114228725
848.0 0.401730328798 0.908938169479
849.0 0.400468319654 0.909190177917
850.0 0.401531338692 0.909778237343
851.0 0.403884530067 0.906418025494
852.0 0.399452835321 0.910366237164
853.0 0.40137642622 0.908014118671
854.0 0.400296539068 0.909694194794
855.0 0.407392531633 0.902889788151
856.0 0.402779459953 0.907846093178
