0.0 0.590933859348 0.693548381329
1.0 0.495257258415 0.810147821903
2.0 0.480146110058 0.825688838959
3.0 0.479507446289 0.826696932316
4.0 0.468064844608 0.838373661041
5.0 0.472249180079 0.835013449192
6.0 0.468122303486 0.838793694973
7.0 0.458915293217 0.848370313644
8.0 0.455358117819 0.853158593178
9.0 0.462526351213 0.843413949013
10.0 0.464775711298 0.842489898205
11.0 0.460573256016 0.847026228905
12.0 0.46047526598 0.846354186535
13.0 0.458051979542 0.849210321903
14.0 0.456027805805 0.849798381329
15.0 0.457112878561 0.851478517056
16.0 0.458590477705 0.849378347397
17.0 0.457791566849 0.849882364273
18.0 0.457067966461 0.850806474686
19.0 0.455603688955 0.851730525494
20.0 0.454530626535 0.853326618671
21.0 0.454345405102 0.853326618671
22.0 0.453558534384 0.853074610233
23.0 0.44810333848 0.85870295763
24.0 0.451371729374 0.854838728905
25.0 0.445586323738 0.862651228905
26.0 0.444462060928 0.862903237343
27.0 0.450615078211 0.858618974686
28.0 0.447143256664 0.859795033932
29.0 0.443081527948 0.865591406822
30.0 0.444918751717 0.862567186356
31.0 0.446307510138 0.861727178097
32.0 0.446003615856 0.860551059246
33.0 0.44552898407 0.862231194973
34.0 0.449967712164 0.859375
35.0 0.446936368942 0.861559152603
36.0 0.44456756115 0.863071262836
37.0 0.451022922993 0.857106864452
38.0 0.444400429726 0.863575279713
39.0 0.446199715137 0.862147152424
40.0 0.442360937595 0.86651545763
41.0 0.439504891634 0.868867635727
42.0 0.441564053297 0.8671875
43.0 0.445679277182 0.861811161041
44.0 0.439739733934 0.86651545763
45.0 0.447268933058 0.859879016876
46.0 0.440098434687 0.86853158474
47.0 0.437724530697 0.870043694973
48.0 0.437431097031 0.871471762657
49.0 0.439230591059 0.86920362711
50.0 0.44020268321 0.868447601795
51.0 0.442116230726 0.865003347397
52.0 0.441859185696 0.864919364452
53.0 0.438489168882 0.870379686356
54.0 0.438973456621 0.869875669479
55.0 0.443309545517 0.864163279533
56.0 0.442647367716 0.864751338959
57.0 0.442019969225 0.866767466068
58.0 0.437123656273 0.871471762657
59.0 0.441175878048 0.864331305027
60.0 0.435048043728 0.870883762836
61.0 0.443922638893 0.864079296589
62.0 0.435385972261 0.872143805027
63.0 0.435578227043 0.87298387289
64.0 0.437846928835 0.871471762657
65.0 0.438316136599 0.870631694794
66.0 0.432394653559 0.874747991562
67.0 0.441094636917 0.865927398205
68.0 0.435676246881 0.872059822083
69.0 0.438392192125 0.870883762836
70.0 0.440017491579 0.867523491383
71.0 0.440751522779 0.865927398205
72.0 0.435527175665 0.872479856014
73.0 0.436845302582 0.872563838959
74.0 0.436312407255 0.872311830521
75.0 0.43998286128 0.869119644165
76.0 0.433718234301 0.872227847576
77.0 0.432791799307 0.874411940575
78.0 0.433352977037 0.874747991562
79.0 0.434571534395 0.872731864452
80.0 0.434027731419 0.87432795763
81.0 0.433029323816 0.874495983124
82.0 0.436998128891 0.871051728725
83.0 0.436814904213 0.871303737164
84.0 0.436547487974 0.869791686535
85.0 0.434591025114 0.87365591526
86.0 0.435659140348 0.87298387289
87.0 0.434956103563 0.871723771095
88.0 0.43555867672 0.871471762657
89.0 0.434552550316 0.872479856014
90.0 0.433747828007 0.876092076302
91.0 0.433459550142 0.874831974506
92.0 0.437074393034 0.871639788151
93.0 0.429916530848 0.877520143986
94.0 0.43458122015 0.871975779533
95.0 0.435416847467 0.871975779533
96.0 0.429132372141 0.879620313644
97.0 0.429686933756 0.878528237343
98.0 0.436664611101 0.870127677917
99.0 0.436020314693 0.871471762657
100.0 0.430081158876 0.879368305206
101.0 0.432768940926 0.875335991383
102.0 0.431959718466 0.87567204237
103.0 0.432513773441 0.875420033932
104.0 0.433594912291 0.872815847397
105.0 0.430286943913 0.876932144165
106.0 0.431541591883 0.875840067863
107.0 0.432787775993 0.875504016876
108.0 0.434843331575 0.873823940754
109.0 0.432670086622 0.874663949013
110.0 0.428060770035 0.880544364452
111.0 0.427961319685 0.880544364452
112.0 0.433822005987 0.872731864452
113.0 0.429090321064 0.878780245781
114.0 0.429105728865 0.878276228905
115.0 0.43057718873 0.876596093178
116.0 0.425038784742 0.883652567863
117.0 0.429856240749 0.877940177917
118.0 0.429862618446 0.877772152424
119.0 0.436219424009 0.871723771095
120.0 0.435299009085 0.871051728725
121.0 0.428523510695 0.879116237164
122.0 0.429376751184 0.880460321903
123.0 0.430223941803 0.878276228905
124.0 0.429159104824 0.877436161041
125.0 0.430955171585 0.877268135548
126.0 0.431620687246 0.876848101616
127.0 0.423705816269 0.88415658474
128.0 0.43017205596 0.877184152603
129.0 0.431886643171 0.877940177917
130.0 0.430863589048 0.87701612711
131.0 0.429618090391 0.877688169479
132.0 0.433210432529 0.874411940575
133.0 0.426066786051 0.880880355835
134.0 0.4271094203 0.879788279533
135.0 0.428008288145 0.879956305027
136.0 0.430185228586 0.877436161041
137.0 0.43059438467 0.878108203411
138.0 0.422276198864 0.886004686356
139.0 0.430058151484 0.877100110054
140.0 0.430199831724 0.878780245781
141.0 0.427792489529 0.879032254219
142.0 0.430993795395 0.87701612711
143.0 0.427747875452 0.880460321903
144.0 0.429747253656 0.876596093178
145.0 0.42941403389 0.877520143986
146.0 0.428622990847 0.878024220467
147.0 0.426354944706 0.881804406643
148.0 0.423764437437 0.884240567684
149.0 0.428732663393 0.878612220287
150.0 0.427240967751 0.878528237343
151.0 0.431957930326 0.874579966068
152.0 0.428729504347 0.879452288151
153.0 0.426944732666 0.881888449192
154.0 0.429767310619 0.876176059246
155.0 0.427880108356 0.88079637289
156.0 0.424381822348 0.883904576302
157.0 0.431320935488 0.876512110233
158.0 0.423396617174 0.884324610233
159.0 0.422649532557 0.885752677917
160.0 0.425989091396 0.88214045763
161.0 0.423603415489 0.883736550808
162.0 0.421903967857 0.887768805027
163.0 0.427866905928 0.880376338959
164.0 0.425807416439 0.882980525494
165.0 0.426640242338 0.880712389946
166.0 0.42858722806 0.877772152424
167.0 0.428511559963 0.878696262836
168.0 0.426364451647 0.879872322083
169.0 0.427812188864 0.879704296589
170.0 0.423388600349 0.885836720467
171.0 0.426152139902 0.882308483124
172.0 0.424202591181 0.883568525314
173.0 0.424661695957 0.883904576302
174.0 0.42117202282 0.887516796589
175.0 0.422744393349 0.885332643986
176.0 0.425971746445 0.88146841526
177.0 0.422741472721 0.884576618671
178.0 0.425409018993 0.882644474506
179.0 0.424931198359 0.883988559246
180.0 0.423637747765 0.884324610233
181.0 0.422665715218 0.885164678097
182.0 0.426100045443 0.882644474506
183.0 0.426170319319 0.881888449192
184.0 0.427244126797 0.879872322083
185.0 0.425711512566 0.880880355835
186.0 0.426144272089 0.88146841526
187.0 0.43115645647 0.876008093357
188.0 0.423941791058 0.883316516876
189.0 0.428632438183 0.878612220287
190.0 0.422524780035 0.886172711849
191.0 0.42518645525 0.883064508438
192.0 0.425864011049 0.881552398205
193.0 0.424640238285 0.883904576302
194.0 0.422616332769 0.885836720467
195.0 0.423873245716 0.884072601795
196.0 0.424745976925 0.882644474506
197.0 0.424920111895 0.883148491383
198.0 0.422514349222 0.884744644165
199.0 0.420961946249 0.886928737164
200.0 0.424815922976 0.882896482944
201.0 0.423662602901 0.885248661041
202.0 0.419936060905 0.889112889767
203.0 0.421312898397 0.886676728725
204.0 0.422761529684 0.886004686356
205.0 0.425796806812 0.881552398205
206.0 0.421572417021 0.885920703411
207.0 0.417124032974 0.88995295763
208.0 0.416904896498 0.891465067863
209.0 0.422217696905 0.885416686535
210.0 0.418880671263 0.887852847576
211.0 0.42289274931 0.884912610054
212.0 0.422526806593 0.883904576302
213.0 0.421282410622 0.886004686356
214.0 0.418573886156 0.887264788151
215.0 0.421252310276 0.886676728725
216.0 0.420081466436 0.887264788151
217.0 0.42254036665 0.884660601616
218.0 0.423235565424 0.88415658474
219.0 0.423040866852 0.883904576302
220.0 0.419938415289 0.887264788151
221.0 0.420244187117 0.889028906822
222.0 0.420844584703 0.887096762657
223.0 0.421107053757 0.885836720467
224.0 0.413653314114 0.894489228725
225.0 0.416231185198 0.893817186356
226.0 0.420130193233 0.887852847576
227.0 0.420411765575 0.888188838959
228.0 0.416729182005 0.890541017056
229.0 0.415063470602 0.892305135727
230.0 0.415811181068 0.892557144165
231.0 0.422319889069 0.885500669479
232.0 0.417580753565 0.889448940754
233.0 0.417102783918 0.890456974506
234.0 0.419346958399 0.887684822083
235.0 0.419430285692 0.888944864273
236.0 0.416916310787 0.891381025314
237.0 0.422915309668 0.883736550808
238.0 0.418511450291 0.889196932316
239.0 0.417394727468 0.891213059425
240.0 0.41992893815 0.889112889767
241.0 0.416093558073 0.893145143986
242.0 0.418582350016 0.888692855835
243.0 0.416780292988 0.89129704237
244.0 0.417905509472 0.890120983124
245.0 0.421516090631 0.886172711849
246.0 0.416496187449 0.891717076302
247.0 0.414826005697 0.894573271275
248.0 0.413452804089 0.896337389946
249.0 0.41757068038 0.891381025314
250.0 0.41662478447 0.891213059425
251.0 0.418688863516 0.888524889946
252.0 0.418616384268 0.889028906822
253.0 0.417446643114 0.891633093357
254.0 0.41882443428 0.889532923698
255.0 0.416952043772 0.89129704237
256.0 0.415896207094 0.891717076302
257.0 0.41815751791 0.888020813465
258.0 0.417025744915 0.89129704237
259.0 0.417467623949 0.889784932137
260.0 0.412853568792 0.896925389767
261.0 0.420248299837 0.888440847397
262.0 0.433708488941 0.871051728725
263.0 0.413613647223 0.895161271095
264.0 0.417310088873 0.890204966068
265.0 0.418417930603 0.890204966068
266.0 0.411630123854 0.89642137289
267.0 0.415804386139 0.892725110054
268.0 0.412854075432 0.89709341526
269.0 0.416489601135 0.891549050808
270.0 0.420389413834 0.887012779713
271.0 0.417451173067 0.890204966068
272.0 0.413727641106 0.894489228725
273.0 0.415262699127 0.892893135548
274.0 0.418794125319 0.890036940575
275.0 0.41637352109 0.89196908474
276.0 0.414438843727 0.892053067684
277.0 0.414943248034 0.893985211849
278.0 0.412615984678 0.895833313465
279.0 0.414624601603 0.892977178097
280.0 0.413058787584 0.895581305027
281.0 0.414366781712 0.893397152424
282.0 0.415794879198 0.892473101616
283.0 0.418550401926 0.888944864273
284.0 0.413978248835 0.895245313644
285.0 0.414501070976 0.893985211849
286.0 0.41974824667 0.888104856014
287.0 0.417291134596 0.890288949013
288.0 0.415307253599 0.892893135548
289.0 0.417187571526 0.891549050808
290.0 0.415176212788 0.892137110233
291.0 0.414876103401 0.892557144165
292.0 0.419329851866 0.887180805206
293.0 0.411430001259 0.897177398205
294.0 0.416750758886 0.890625
295.0 0.417248547077 0.890541017056
296.0 0.411955058575 0.898185491562
297.0 0.414465785027 0.894825279713
298.0 0.420422881842 0.887852847576
299.0 0.418223142624 0.889616906643
300.0 0.413530439138 0.895077288151
301.0 0.41540825367 0.892389118671
302.0 0.415117532015 0.894825279713
303.0 0.416469693184 0.892389118671
304.0 0.415170967579 0.894489228725
305.0 0.411603212357 0.898689508438
306.0 0.415497481823 0.893145143986
307.0 0.414497166872 0.893649220467
308.0 0.415176898241 0.892977178097
309.0 0.412109673023 0.897177398205
310.0 0.41145375371 0.89910954237
311.0 0.41143155098 0.898185491562
312.0 0.416093677282 0.891885101795
313.0 0.409121841192 0.899697601795
314.0 0.414181083441 0.895665347576
315.0 0.413270145655 0.895245313644
316.0 0.411090821028 0.89776545763
317.0 0.414602249861 0.893817186356
318.0 0.411521136761 0.897429406643
319.0 0.417696803808 0.891213059425
320.0 0.414945304394 0.894153237343
321.0 0.414927750826 0.894741237164
322.0 0.41594773531 0.893817186356
323.0 0.413206517696 0.894993305206
324.0 0.414604961872 0.893313169479
325.0 0.414413124323 0.894741237164
326.0 0.41396060586 0.895497322083
327.0 0.409451425076 0.900117635727
328.0 0.415898352861 0.894069194794
329.0 0.417658925056 0.89196908474
330.0 0.415632396936 0.892389118671
331.0 0.415913313627 0.891549050808
332.0 0.415564656258 0.893145143986
333.0 0.409861505032 0.899361550808
334.0 0.413732022047 0.893985211849
335.0 0.414941221476 0.891801059246
336.0 0.41117104888 0.897933483124
337.0 0.414737701416 0.895413279533
338.0 0.407127708197 0.901125669479
339.0 0.413309693336 0.894741237164
340.0 0.41564014554 0.893901228905
341.0 0.409263074398 0.900369644165
342.0 0.415166020393 0.894153237343
343.0 0.41310107708 0.894489228725
344.0 0.41719597578 0.889868974686
345.0 0.41459685564 0.893481194973
346.0 0.414375066757 0.893229186535
347.0 0.412036538124 0.896757364273
348.0 0.410101652145 0.899025559425
349.0 0.412066221237 0.898605525494
350.0 0.409768491983 0.89910954237
351.0 0.415104210377 0.893229186535
352.0 0.411575824022 0.895833313465
353.0 0.413523077965 0.893145143986
354.0 0.412943273783 0.896589398384
355.0 0.412180095911 0.895665347576
356.0 0.410809218884 0.896925389767
357.0 0.414014518261 0.893481194973
358.0 0.411923885345 0.896085321903
359.0 0.408791035414 0.89910954237
360.0 0.412825793028 0.895413279533
361.0 0.412502497435 0.895161271095
362.0 0.411290496588 0.896757364273
363.0 0.412987262011 0.896505355835
364.0 0.412687003613 0.896253347397
365.0 0.414003431797 0.894405245781
366.0 0.415756851435 0.89264112711
367.0 0.413796633482 0.894321262836
368.0 0.411180198193 0.897429406643
369.0 0.412819474936 0.896001338959
370.0 0.410623729229 0.897177398205
371.0 0.411743402481 0.895665347576
372.0 0.409988701344 0.896589398384
373.0 0.410759806633 0.897681474686
374.0 0.408006042242 0.901041686535
375.0 0.410152316093 0.899277567863
376.0 0.411675482988 0.896505355835
377.0 0.40886080265 0.899949610233
378.0 0.412589043379 0.896001338959
379.0 0.411095023155 0.898773491383
380.0 0.40949216485 0.899277567863
381.0 0.40985891223 0.897429406643
382.0 0.411273956299 0.897429406643
383.0 0.409987092018 0.900033593178
384.0 0.41242992878 0.89709341526
385.0 0.410367071629 0.898101449013
386.0 0.411221981049 0.89642137289
387.0 0.415760725737 0.893061161041
388.0 0.411320030689 0.896841406822
389.0 0.413774192333 0.894237220287
390.0 0.410366028547 0.89776545763
391.0 0.410190373659 0.898941516876
392.0 0.413875937462 0.893229186535
393.0 0.410859495401 0.898101449013
394.0 0.408478796482 0.900369644165
395.0 0.409055322409 0.898017466068
396.0 0.411796569824 0.898689508438
397.0 0.413345247507 0.894069194794
398.0 0.409956008196 0.897849440575
399.0 0.408312916756 0.90045362711
400.0 0.412058800459 0.896001338959
401.0 0.41203135252 0.896253347397
402.0 0.407936006784 0.900957643986
403.0 0.410335421562 0.89910954237
404.0 0.412082761526 0.895749330521
405.0 0.412350028753 0.894321262836
406.0 0.410981833935 0.897345423698
407.0 0.403563916683 0.90557795763
408.0 0.406287699938 0.903393805027
409.0 0.413603544235 0.895161271095
410.0 0.406555831432 0.901713728905
411.0 0.409775406122 0.898185491562
412.0 0.410885095596 0.899025559425
413.0 0.409597039223 0.899025559425
414.0 0.407087624073 0.901461720467
415.0 0.406406849623 0.902805805206
416.0 0.408099383116 0.900537610054
417.0 0.411610066891 0.895413279533
418.0 0.412251621485 0.897681474686
419.0 0.410202473402 0.899529576302
420.0 0.406364649534 0.902637779713
421.0 0.408747732639 0.900789678097
422.0 0.408805161715 0.89978158474
423.0 0.407819479704 0.899361550808
424.0 0.405224472284 0.903393805027
425.0 0.404792577028 0.904821932316
426.0 0.407032877207 0.902385771275
427.0 0.407674282789 0.901965737343
428.0 0.405737489462 0.904821932316
429.0 0.403845131397 0.906333982944
430.0 0.406617105007 0.903057813644
431.0 0.410196572542 0.89910954237
432.0 0.40377035737 0.90557795763
433.0 0.406139343977 0.903477847576
434.0 0.408686697483 0.90045362711
435.0 0.407404780388 0.900957643986
436.0 0.407844036818 0.900957643986
437.0 0.411996811628 0.896589398384
438.0 0.406628727913 0.904065847397
439.0 0.407621741295 0.901545703411
440.0 0.407130002975 0.902553737164
441.0 0.405300378799 0.904569864273
442.0 0.405532300472 0.902049720287
443.0 0.405039101839 0.904317855835
444.0 0.405072569847 0.903309822083
445.0 0.408416837454 0.900285601616
446.0 0.405397564173 0.904065847397
447.0 0.402130693197 0.90692204237
448.0 0.399326950312 0.910030245781
449.0 0.405409812927 0.904317855835
450.0 0.403677940369 0.905325949192
451.0 0.405012309551 0.904821932316
452.0 0.405490309 0.903561830521
453.0 0.405429303646 0.904401898384
454.0 0.408240258694 0.899361550808
455.0 0.403407424688 0.906166017056
456.0 0.402356535196 0.907174050808
457.0 0.403799206018 0.906333982944
458.0 0.403062522411 0.907090067863
459.0 0.403583884239 0.905241906643
460.0 0.404078900814 0.904989898205
461.0 0.408807933331 0.899697601795
462.0 0.401430755854 0.907006025314
463.0 0.405639767647 0.902049720287
464.0 0.406116932631 0.902553737164
465.0 0.407012254 0.901125669479
466.0 0.400757402182 0.907090067863
467.0 0.406841039658 0.901713728905
468.0 0.404673963785 0.903981864452
469.0 0.403667151928 0.905241906643
470.0 0.407216638327 0.901629686356
471.0 0.405373483896 0.904065847397
472.0 0.402111470699 0.90625
473.0 0.404192775488 0.90557795763
474.0 0.406198650599 0.902805805206
475.0 0.40352293849 0.905745983124
476.0 0.399268776178 0.911374330521
477.0 0.401170641184 0.907930135727
478.0 0.400353252888 0.908518135548
479.0 0.402651309967 0.904989898205
480.0 0.402543216944 0.906081974506
481.0 0.400607407093 0.909022152424
482.0 0.40278840065 0.907426059246
483.0 0.404487580061 0.904653906822
484.0 0.404146701097 0.904653906822
485.0 0.399393767118 0.909778237343
486.0 0.402764856815 0.908182144165
487.0 0.405306756496 0.902805805206
488.0 0.4049308002 0.904989898205
489.0 0.406266897917 0.902133762836
490.0 0.40181568265 0.906838059425
491.0 0.400438249111 0.907426059246
492.0 0.405743598938 0.90490591526
493.0 0.398213118315 0.911458313465
494.0 0.403315007687 0.906418025494
495.0 0.403362721205 0.90625
496.0 0.397529393435 0.911878347397
497.0 0.403301984072 0.907174050808
498.0 0.405471473932 0.903897821903
499.0 0.404609888792 0.904569864273
500.0 0.399397373199 0.909526228905
501.0 0.402187973261 0.907090067863
502.0 0.402653098106 0.907510101795
503.0 0.402002155781 0.905829966068
504.0 0.401951521635 0.907762110233
505.0 0.397385597229 0.912130355835
506.0 0.400937467813 0.908770143986
507.0 0.398015469313 0.91271841526
508.0 0.400785475969 0.910198271275
509.0 0.400189071894 0.909778237343
510.0 0.399994432926 0.909358203411
511.0 0.398795336485 0.910618305206
512.0 0.400863796473 0.908854186535
513.0 0.3971760571 0.913474440575
514.0 0.399940818548 0.910198271275
515.0 0.400555163622 0.908434152603
516.0 0.396527856588 0.911962389946
517.0 0.39700782299 0.914230525494
518.0 0.398585051298 0.910702288151
519.0 0.40442982316 0.905241906643
520.0 0.402777433395 0.905913949013
521.0 0.398044586182 0.912970423698
522.0 0.398859977722 0.911710321903
523.0 0.399701446295 0.910198271275
524.0 0.39862242341 0.91204637289
525.0 0.399166882038 0.910786271095
526.0 0.399500131607 0.909610211849
527.0 0.394879549742 0.913894474506
528.0 0.39949503541 0.910114228725
529.0 0.405411422253 0.903645813465
530.0 0.401350110769 0.907678067684
531.0 0.398248285055 0.912634432316
532.0 0.401142030954 0.907930135727
533.0 0.396776884794 0.912130355835
534.0 0.39750239253 0.91271841526
535.0 0.395736813545 0.914818525314
536.0 0.400270223618 0.909526228905
537.0 0.401477694511 0.908014118671
538.0 0.391872406006 0.917842745781
539.0 0.395921289921 0.915070593357
540.0 0.401709228754 0.908770143986
541.0 0.394771903753 0.915070593357
542.0 0.398243635893 0.91204637289
543.0 0.399389415979 0.910786271095
544.0 0.399422556162 0.910702288151
545.0 0.400326311588 0.910030245781
546.0 0.400332629681 0.910702288151
547.0 0.396471381187 0.913138449192
548.0 0.394282013178 0.915154576302
549.0 0.396739780903 0.913222432137
550.0 0.396221399307 0.913978517056
551.0 0.401418596506 0.909610211849
552.0 0.395700365305 0.913894474506
553.0 0.395792841911 0.91473454237
554.0 0.398553937674 0.912214398384
555.0 0.39751932025 0.911542356014
556.0 0.393788456917 0.91540658474
557.0 0.399066150188 0.911290347576
558.0 0.393817692995 0.916162610054
559.0 0.394099831581 0.91607862711
560.0 0.398419499397 0.911794364452
561.0 0.39740601182 0.912466406822
562.0 0.396780699492 0.91339045763
563.0 0.393426954746 0.918346762657
564.0 0.398274570704 0.911374330521
565.0 0.398127615452 0.910870313644
566.0 0.399373114109 0.910450279713
567.0 0.396336704493 0.913810491562
568.0 0.392100214958 0.919438838959
569.0 0.395625412464 0.914650559425
570.0 0.39485257864 0.916246652603
571.0 0.395253509283 0.915070593357
572.0 0.394361883402 0.915910601616
573.0 0.39193212986 0.918766796589
574.0 0.393484354019 0.916666686535
575.0 0.392294675112 0.918514788151
576.0 0.394991636276 0.91540658474
577.0 0.393053948879 0.916666686535
578.0 0.396325021982 0.914482533932
579.0 0.396727412939 0.913894474506
580.0 0.393270999193 0.918346762657
581.0 0.392844825983 0.917338728905
582.0 0.395747601986 0.913810491562
583.0 0.395808190107 0.915490567684
584.0 0.397167831659 0.912970423698
585.0 0.396624296904 0.913978517056
586.0 0.394953578711 0.914818525314
587.0 0.398291796446 0.912214398384
588.0 0.394470751286 0.916666686535
589.0 0.395269483328 0.915910601616
590.0 0.393517225981 0.916162610054
591.0 0.391508489847 0.919018805027
592.0 0.393200993538 0.917170703411
593.0 0.39418643713 0.917086720467
594.0 0.389968037605 0.919942855835
595.0 0.391874939203 0.919522821903
596.0 0.39456474781 0.916498661041
597.0 0.395775347948 0.913810491562
598.0 0.393067032099 0.918010771275
599.0 0.39008846879 0.921538949013
600.0 0.393861591816 0.91607862711
601.0 0.392854422331 0.917506694794
602.0 0.391258269548 0.920110881329
603.0 0.391942381859 0.919522821903
604.0 0.392817348242 0.918514788151
605.0 0.394574314356 0.915994644165
606.0 0.392539739609 0.917170703411
607.0 0.385367184877 0.926411271095
608.0 0.388402849436 0.922295033932
609.0 0.393742114305 0.915994644165
610.0 0.391196757555 0.919270813465
611.0 0.392077118158 0.918850779533
612.0 0.39252743125 0.918514788151
613.0 0.39237433672 0.918514788151
614.0 0.388189047575 0.922631025314
615.0 0.389498382807 0.921454966068
616.0 0.390596687794 0.919522821903
617.0 0.391061604023 0.920194864273
618.0 0.394631326199 0.91607862711
619.0 0.392221868038 0.918850779533
620.0 0.387106955051 0.923303067684
